0.017564426486368315
0.017564426486368315
0.017564426486368315
0.017564426486368315
0.017564426486368315
0.01715977508412303
0.01715977508412303
0.01715977508412303
0.01715977508412303
0.01715977508412303
0.016495546338573485
0.016495546338573485
0.016495546338573485
0.016495546338573485
0.016495546338573485
0.015784863707988903
0.015784863707988903
0.015784863707988903
0.015784863707988903
0.015784863707988903
0.015471241932171993
0.015471241932171993
0.015471241932171993
0.015471241932171993
0.015471241932171993
0.015515030709857169
0.015515030709857169
0.015515030709857169
0.015515030709857169
0.015515030709857169
0.0155443990628029
0.0155443990628029
0.0155443990628029
0.0155443990628029
0.0155443990628029
0.013832453293233607
0.013832453293233607
0.013832453293233607
0.013832453293233607
0.013832453293233607
0.012713473592487673
0.012713473592487673
0.012713473592487673
0.012713473592487673
0.012713473592487673
0.012366748906172014
0.012366748906172014
0.012366748906172014
0.012366748906172014
0.012366748906172014
0.01136629943927529
0.01136629943927529
0.01136629943927529
0.01136629943927529
0.01136629943927529
0.009795495036404424
0.009795495036404424
0.009795495036404424
0.009795495036404424
0.009795495036404424
0.008176637901904522
0.008176637901904522
0.008176637901904522
0.008176637901904522
0.008176637901904522
0.006754248491056049
0.006754248491056049
0.006754248491056049
0.006754248491056049
0.006754248491056049
0.004649546842659926
0.004649546842659926
0.004649546842659926
0.004649546842659926
0.004649546842659926
0.003112877071663146
0.003112877071663146
0.003112877071663146
0.003112877071663146
0.003112877071663146
0.002084225837548929
0.002084225837548929
0.002084225837548929
0.002084225837548929
0.002084225837548929
0.0010672292328253953
0.0010672292328253953
0.0010672292328253953
0.0010672292328253953
0.0010672292328253953
0.00043027137669970054
0.00043027137669970054
0.00043027137669970054
0.00043027137669970054
0.00043027137669970054
0.00011520965618353083
0.00011520965618353083
0.00011520965618353083
0.00011520965618353083
0.00011520965618353083
