0.08774
0.033639999999999996
0.01676
0.01137
0.0071
0.00506
0.00374
0.0031100000000000004
0.00233
0.00214
0.00187
0.00175
0.00175
0.00187
0.0022
0.00292
0.0034799999999999996
0.004370000000000001
0.005379999999999999
0.006529999999999999
0.007359999999999999
0.00783
0.008029999999999999
0.00835
0.00837
0.00826
0.00788
0.007940000000000001
0.00762
0.007790000000000001
0.007529999999999999
0.00748
0.007540000000000001
0.00761
0.00742
0.007520000000000001
0.0077
0.00795
0.00788
0.00806
0.0086
0.008620000000000001
0.00886
0.00908
0.00928
0.0096
0.01027
0.011059999999999999
0.011309999999999999
0.01241
0.01287
0.01404
0.01493
0.01616
0.01678
0.0176
0.019
0.02083
0.0235
0.02482
0.028710000000000003
0.0287
0.0329
0.03564
0.038110000000000005
0.04191
0.04543
0.04833
0.05362000000000001
0.05653
0.06318
0.06849
0.0735
0.07964
0.085
0.09647
0.09965
0.10677
0.11739000000000001
0.13252
0.14425
0.15628
0.16949
0.1911
0.1856
0.20699
0.22516
0.23865
0.2529
0.27595
0.29367
0.30996999999999997
0.33211
0.35147
0.354
0.37743000000000004
0.39455
0.41136000000000006
0.42777
0.44372
0.45912
0.47393
0.48811000000000004
0.50161
0.51442
0.52652
0.5379
0.54857
0.5585399999999999
0.56782
1.0
0.0616
0.01964
0.00971
0.006940000000000001
0.00502
0.00336
0.0027300000000000002
0.00227
0.0019399999999999999
0.0016300000000000002
0.0016
0.0014
0.00146
0.00155
0.0017800000000000001
0.00224
0.0028
0.00355
0.004220000000000001
0.005229999999999999
0.00611
0.006840000000000001
0.0071400000000000005
0.007490000000000001
0.007559999999999999
0.00746
0.007209999999999999
0.00716
0.00707
0.00686
0.006670000000000001
0.00657
0.00665
0.00657
0.00658
0.0064
0.00687
0.0068200000000000005
0.006959999999999999
0.00722
0.007390000000000001
0.00784
0.0077
0.00785
0.00834
0.008579999999999999
0.00895
0.00941
0.0102
0.010620000000000001
0.01174
0.01187
0.01353
0.01408
0.01516
0.01576
0.01696
0.01838
0.02052
0.02161
0.02371
0.02592
0.02661
0.03052
0.03316
0.03511
0.03821
0.04265
0.044680000000000004
0.04992
0.05143
0.05753
0.06285
0.06725
0.07256
0.07719
0.08553
0.09122000000000001
0.09706000000000001
0.10415
0.12057999999999999
0.12828
0.13721
0.15115
0.16694
0.16905
0.19174000000000002
0.19705999999999999
0.2133
0.24134
0.24311
0.25288
0.27493
0.27621
0.30674
0.32283
0.33906
0.35533000000000003
0.37156999999999996
0.38766999999999996
0.40356
0.41915
0.43436
0.44914
0.46342
0.47715
0.4903
0.50284
0.51474
0.52599
1.0
0.062029999999999995
0.018359999999999998
0.01138
0.00686
0.0049
0.0035700000000000003
0.0026
0.0020399999999999997
0.0016600000000000002
0.00143
0.0013
0.0012900000000000001
0.00125
0.00134
0.00149
0.0018399999999999998
0.00238
0.00297
0.0036200000000000004
0.0042899999999999995
0.005
0.00557
0.00626
0.0064
0.006640000000000001
0.00663
0.006509999999999999
0.006370000000000001
0.00632
0.00621
0.00599
0.00602
0.00594
0.00601
0.00596
0.00607
0.00611
0.0063
0.00628
0.00659
0.00663
0.00701
0.0074
0.00743
0.00755
0.00797
0.00826
0.00895
0.0095
0.01025
0.01065
0.01167
0.011890000000000001
0.0135
0.014190000000000001
0.015340000000000001
0.016130000000000002
0.017580000000000002
0.0197
0.02054
0.0227
0.02452
0.02783
0.02878
0.0323
0.034480000000000004
0.0378
0.04124
0.04564
0.047889999999999995
0.05227999999999999
0.05574
0.06182000000000001
0.06808
0.07284
0.07797
0.08377000000000001
0.09419
0.0969
0.10749
0.11964000000000001
0.13242
0.14075
0.15235
0.16385
0.18491
0.18974000000000002
0.20521999999999999
0.22563000000000002
0.24514
0.24786999999999998
0.26937
0.29062
0.30607
0.32064000000000004
0.33819
0.35567
0.37299
0.39007
0.40681
0.42313999999999996
0.439
0.45433
0.46906000000000003
0.48318
0.49663999999999997
0.50942
0.52153
0.53294
0.54366
1.0
0.05446
0.014159999999999999
0.00984
0.00742
0.00441
0.0032700000000000003
0.00245
0.0019100000000000002
0.0016
0.00134
0.0012
0.0011300000000000001
0.00115
0.00112
0.0013
0.0015400000000000001
0.00197
0.0025
0.00299
0.00355
0.00385
0.00443
0.00476
0.00511
0.00536
0.00536
0.00549
0.00532
0.00543
0.00533
0.0053100000000000005
0.00495
0.00513
0.00513
0.00533
0.00536
0.0054600000000000004
0.00551
0.0057
0.00607
0.00609
0.00635
0.00663
0.00705
0.0071200000000000005
0.00763
0.007809999999999999
0.00831
0.00899
0.00985
0.01047
0.01084
0.01225
0.012459999999999999
0.01414
0.014830000000000001
0.0163
0.01757
0.019780000000000002
0.020419999999999997
0.02206
0.02405
0.026189999999999998
0.03013
0.031239999999999997
0.03547
0.03896
0.04155
0.045810000000000003
0.05114
0.0533
0.06001
0.06423999999999999
0.06962
0.07721
0.08298
0.08849
0.09596
0.1081
0.11234000000000001
0.12800999999999998
0.13734000000000002
0.15245999999999998
0.16212000000000001
0.17429
0.18898
0.21033000000000002
0.21798
0.23673000000000002
0.25271
0.27748
0.2912
0.32492
0.30621
0.35979
0.36075999999999997
0.37855
0.39611
0.41334
0.43015
0.44646
0.4622
0.4773
0.49173
0.50545
0.5184300000000001
0.53066
0.54213
0.55285
0.56283
1.0
0.05329
0.0124
0.0091
0.00698
0.00491
0.00285
0.00217
0.00172
0.0013599999999999999
0.00116
0.00105
0.00093
0.0009699999999999999
0.00103
0.0011
0.00128
0.00158
0.00186
0.0022600000000000003
0.00274
0.00301
0.00314
0.00351
0.00379
0.004079999999999999
0.004
0.00418
0.004220000000000001
0.0041600000000000005
0.0042899999999999995
0.0043
0.00421
0.00414
0.00427
0.004229999999999999
0.00445
0.00451
0.0047
0.00483
0.00518
0.00524
0.00555
0.0057799999999999995
0.00601
0.00672
0.006690000000000001
0.00718
0.00798
0.00842
0.00896
0.00949
0.01012
0.01093
0.01214
0.01261
0.01427
0.015069999999999998
0.01674
0.01845
0.01907
0.021240000000000002
0.022959999999999998
0.02515
0.027630000000000002
0.03151
0.03282
0.03676
0.04027
0.04389
0.04897
0.0532
0.05725
0.06305
0.06677999999999999
0.07265
0.08237
0.08756
0.09154
0.10048
0.11266
0.11963
0.13072
0.1426
0.15965
0.17162
0.17975
0.19966
0.21205
0.21966
0.23329
0.25165
0.28179
0.29791999999999996
0.31088000000000005
0.34506
0.34738
0.36532
0.38305
0.40048
0.41752
0.43409
0.45011999999999996
0.46556000000000003
0.48035
0.49445
0.50785
0.52052
0.53246
0.54366
0.55414
1.0
0.04768
0.00883
0.00719
0.00556
0.00394
0.0028399999999999996
0.0017
0.00146
0.00121
0.00099
0.00093
0.00085
0.00086
0.00084
0.0009699999999999999
0.00103
0.00131
0.00156
0.0019100000000000002
0.0022199999999999998
0.00249
0.00267
0.00277
0.0030800000000000003
0.00313
0.00325
0.00329
0.0033
0.0034200000000000003
0.00344
0.00349
0.00355
0.00359
0.00351
0.00379
0.00371
0.00394
0.00413
0.004079999999999999
0.0043
0.00477
0.00494
0.0051
0.00541
0.0056700000000000006
0.00632
0.006409999999999999
0.0070799999999999995
0.0077
0.00826
0.00894
0.00974
0.01047
0.01122
0.012320000000000001
0.0129
0.01433
0.01567
0.018080000000000002
0.01899
0.0201
0.021759999999999998
0.023540000000000002
0.02665
0.02903
0.03321
0.03405
0.03864
0.042960000000000005
0.046239999999999996
0.04995
0.05644
0.058170000000000006
0.06637
0.07078999999999999
0.07715
0.08421000000000001
0.08922999999999999
0.09846
0.10537
0.12002
0.12477
0.13934000000000002
0.14819000000000002
0.16239
0.1775
0.1904
0.20031
0.2258
0.22709000000000001
0.24996999999999997
0.26077
0.30088000000000004
0.30875
0.32997
0.33371999999999996
0.35212
0.37023
0.38793
0.40513000000000005
0.42177
0.43783
0.45328999999999997
0.46813
0.48236
0.49596999999999997
0.50897
0.5213399999999999
0.5330699999999999
0.5441600000000001
1.0
0.04697
0.00842
0.00642
0.00489
0.00355
0.00247
0.0019
0.00122
0.00106
0.0009400000000000001
0.00079
0.00078
0.00074
0.00078
0.00084
0.0009699999999999999
0.0011300000000000001
0.0014
0.00176
0.00202
0.00232
0.00253
0.00274
0.0027300000000000002
0.00288
0.00288
0.00298
0.00294
0.00307
0.0032
0.0031100000000000004
0.00317
0.0031
0.0034
0.00337
0.0033399999999999997
0.0035399999999999997
0.0036899999999999997
0.0038200000000000005
0.00417
0.00415
0.004520000000000001
0.0048200000000000005
0.00492
0.00547
0.0059
0.006520000000000001
0.00663
0.00747
0.00799
0.00867
0.00946
0.01035
0.0111
0.01212
0.013519999999999999
0.01375
0.01573
0.01757
0.01914
0.02009
0.022109999999999998
0.02405
0.02634
0.02955
0.03249
0.03677
0.03805
0.04332
0.048010000000000004
0.05225
0.058339999999999996
0.06443
0.06822
0.07671
0.08147
0.09
0.09891
0.10727
0.11475
0.12913
0.14238
0.14861
0.16152
0.17455
0.19677
0.21215
0.22501999999999997
0.24774000000000002
0.26784
0.26921
0.29625
0.30344
0.3477
0.33946
0.36709
0.38604
0.40464
0.42277
0.44035
0.45726999999999995
0.47348
0.48891
0.50352
0.5172899999999999
0.5302100000000001
0.5422600000000001
0.55347
0.56385
0.57343
1.0
0.043210000000000005
0.00692
0.00556
0.00464
0.00335
0.00233
0.0017100000000000001
0.00131
0.00095
0.0008
0.0007599999999999999
0.0006900000000000001
0.0007
0.0007099999999999999
0.00078
0.00082
0.0011300000000000001
0.0013800000000000002
0.0016600000000000002
0.0019399999999999999
0.00229
0.00251
0.00253
0.00283
0.00285
0.0028399999999999996
0.0029100000000000003
0.00297
0.00295
0.00305
0.0030600000000000002
0.00305
0.00324
0.0030800000000000003
0.00328
0.00325
0.0034200000000000003
0.0034700000000000004
0.0038
0.00386
0.0040100000000000005
0.00413
0.00454
0.00487
0.00525
0.00556
0.00595
0.00671
0.0071200000000000005
0.00771
0.0086
0.009040000000000001
0.009770000000000001
0.01087
0.01157
0.01205
0.01379
0.014490000000000001
0.017159999999999998
0.017580000000000002
0.01941
0.02096
0.022869999999999998
0.02458
0.02715
0.02972
0.03321
0.03791
0.03888
0.0444
0.048639999999999996
0.05239
0.0577
0.06348999999999999
0.06712
0.07557
0.07915
0.08603999999999999
0.09639
0.10396
0.11032
0.12345
0.1363
0.14257999999999998
0.15538
0.16771
0.1864
0.19973
0.21058000000000002
0.22976999999999997
0.25888
0.26953
0.29389
0.28781
0.34526999999999997
0.33774
0.35548
0.3734
0.39133
0.40913
0.42668
0.44387
0.46061
0.47683000000000003
0.49246
0.50744
0.52172
0.53523
0.54789
0.55961
1.0
0.0381
0.00564
0.004379999999999999
0.00355
0.00277
0.00198
0.00148
0.00115
0.001
0.00074
0.0006900000000000001
0.00073
0.00064
0.0006799999999999999
0.00073
0.0008
0.0009400000000000001
0.0012699999999999999
0.0015
0.00186
0.00199
0.00224
0.0023899999999999998
0.00242
0.00259
0.00245
0.00262
0.0026
0.00252
0.00268
0.00267
0.0027
0.0027300000000000002
0.0028699999999999997
0.0028699999999999997
0.0031
0.00312
0.00324
0.00337
0.00358
0.00372
0.0038799999999999998
0.00411
0.00456
0.00489
0.0052
0.00569
0.00618
0.0071
0.007370000000000001
0.00793
0.008579999999999999
0.00924
0.0101
0.01122
0.01188
0.012490000000000001
0.013859999999999999
0.01551
0.01731
0.018940000000000002
0.020059999999999998
0.022269999999999998
0.0248
0.02665
0.028789999999999996
0.0319
0.03597
0.04013
0.04141
0.047510000000000004
0.05201
0.05594
0.06157000000000001
0.06909
0.072
0.08111
0.08535
0.09412999999999999
0.10253
0.1124
0.12242
0.12914
0.14718
0.14984
0.16804000000000002
0.17962999999999998
0.19179000000000002
0.2128
0.22626999999999997
0.2367
0.25928
0.27066999999999997
0.30683
0.31308
0.32472
0.34188
0.3592
0.37656
0.39382
0.41086999999999996
0.42763
0.44398999999999994
0.45987
0.47522
0.48996999999999996
0.50407
0.51747
0.53013
0.54201
1.0
0.03859
0.00519
0.00415
0.0032700000000000003
0.0025800000000000003
0.0019199999999999998
0.0014199999999999998
0.00105
0.0008699999999999999
0.0008
0.00067
0.00058
0.0006
0.0006
0.0006799999999999999
0.0007599999999999999
0.00098
0.00114
0.00144
0.0017399999999999998
0.0019399999999999999
0.00214
0.00223
0.00235
0.00238
0.0023899999999999998
0.00233
0.00232
0.0024100000000000002
0.00256
0.0025
0.00245
0.0026899999999999997
0.0026899999999999997
0.00288
0.00286
0.00316
0.00309
0.0031899999999999997
0.00352
0.00361
0.00394
0.00406
0.0043100000000000005
0.00473
0.00525
0.005679999999999999
0.00618
0.006490000000000001
0.00743
0.008029999999999999
0.0086
0.00944
0.01042
0.01114
0.01223
0.01318
0.014209999999999999
0.01679
0.01719
0.019209999999999998
0.02069
0.02283
0.02505
0.02781
0.030019999999999998
0.03304
0.036239999999999994
0.03986
0.04593
0.047689999999999996
0.05479
0.060020000000000004
0.06431
0.07198
0.07929
0.08503
0.09445
0.10103
0.10960999999999999
0.12265
0.13218
0.1423
0.15648
0.17313
0.17557
0.1947
0.20964000000000002
0.2345
0.25245
0.261
0.28386
0.32045
0.31246
0.32452
0.35328000000000004
0.37183
0.39019000000000004
0.40824
0.42586999999999997
0.44298999999999994
0.45952
0.47536999999999996
0.49049
0.50483
0.5183800000000001
0.53109
0.54298
0.55404
0.56428
1.0
0.038689999999999995
0.00515
0.00374
0.00297
0.00232
0.00186
0.00137
0.00103
0.00084
0.0007599999999999999
0.0007099999999999999
0.00054
0.00063
0.00067
0.0006900000000000001
0.00079
0.00105
0.00119
0.00143
0.0017800000000000001
0.00187
0.00197
0.0021899999999999997
0.00235
0.00242
0.00231
0.00232
0.00231
0.00235
0.00245
0.00252
0.00247
0.00262
0.00267
0.0028699999999999997
0.00292
0.00297
0.00321
0.0032
0.0034
0.00358
0.00391
0.00418
0.00432
0.0046700000000000005
0.00525
0.00566
0.00604
0.006679999999999999
0.007390000000000001
0.00835
0.00868
0.00943
0.01037
0.01121
0.01251
0.01377
0.01466
0.01685
0.0179
0.019119999999999998
0.02155
0.02359
0.02597
0.02816
0.031310000000000004
0.03415
0.0374
0.04206
0.04662
0.0537
0.05499
0.06344
0.06856
0.07447000000000001
0.08361
0.09175
0.09692
0.11057
0.11575999999999999
0.12942
0.14084000000000002
0.14964
0.16278
0.17840999999999999
0.19866
0.20772
0.2246
0.24309
0.25738
0.27821
0.3007
0.31045
0.34669
0.3522
0.36954000000000004
0.38858000000000004
0.40723000000000004
0.4254
0.44297
0.45987
0.47601000000000004
0.49133999999999994
0.50583
0.51945
0.5321899999999999
0.54405
0.55505
0.56521
0.57457
1.0
0.03537
0.00433
0.0031
0.00243
0.00196
0.00157
0.00123
0.0009599999999999999
0.0007599999999999999
0.00063
0.00061
0.00061
0.00047000000000000004
0.00058
0.00061
0.00072
0.00091
0.00109
0.00135
0.0015400000000000001
0.00183
0.0018800000000000002
0.00203
0.00209
0.00217
0.00218
0.00216
0.00217
0.00206
0.00223
0.00216
0.00224
0.00235
0.00242
0.0025
0.00259
0.00275
0.0027300000000000002
0.00298
0.00314
0.0033299999999999996
0.0034200000000000003
0.0036799999999999997
0.00395
0.0043
0.0047799999999999995
0.0051600000000000005
0.00565
0.00621
0.00683
0.00746
0.0084
0.00884
0.00949
0.01027
0.011359999999999999
0.01245
0.013640000000000001
0.0154
0.016040000000000002
0.01765
0.01901
0.02167
0.02324
0.02561
0.0277
0.03082
0.03338
0.03665
0.04154
0.04578
0.05152999999999999
0.05392
0.06143
0.06745
0.07186000000000001
0.08059
0.08865
0.09362999999999999
0.10480999999999999
0.11388
0.12410999999999998
0.13392
0.14214000000000002
0.15423
0.16441
0.18537
0.18979000000000001
0.20706
0.23133
0.24506999999999998
0.26098000000000005
0.27381
0.29211
0.33409
0.32384
0.34141
0.35904
0.37659000000000004
0.39395
0.41102
0.42768999999999996
0.44387
0.45947
0.47441000000000005
0.48863
0.5020899999999999
0.51474
0.52656
0.53756
1.0
0.033339999999999995
0.00425
0.00296
0.0022600000000000003
0.00183
0.00147
0.00117
0.00095
0.0008
0.0007
0.00063
0.00057
0.00059
0.0005099999999999999
0.00058
0.00073
0.00085
0.00105
0.00126
0.00151
0.00157
0.0017800000000000001
0.00185
0.0019100000000000002
0.00203
0.00201
0.00199
0.00206
0.00207
0.0021100000000000003
0.00214
0.00221
0.00225
0.00234
0.00248
0.00249
0.00262
0.00274
0.00271
0.00314
0.0030600000000000002
0.00339
0.00352
0.00403
0.004220000000000001
0.00456
0.00485
0.005379999999999999
0.0059299999999999995
0.006509999999999999
0.00705
0.00771
0.0087
0.00948
0.01031
0.01115
0.012029999999999999
0.01349
0.015390000000000001
0.01615
0.01696
0.01905
0.020319999999999998
0.02299
0.02528
0.027260000000000003
0.030510000000000002
0.034210000000000004
0.03658
0.04047
0.04489
0.050339999999999996
0.05655
0.05892000000000001
0.0664
0.07317
0.07872
0.08631
0.09809
0.10268
0.11624000000000001
0.12422000000000001
0.13669
0.14899
0.15647
0.16831
0.18392
0.20442000000000002
0.20756999999999998
0.22589
0.24131
0.26924000000000003
0.28511
0.31411999999999995
0.30754000000000004
0.33016
0.34731
0.36466
0.38204
0.39929000000000003
0.41628000000000004
0.43288999999999994
0.44901
0.46453
0.47936999999999996
0.49346999999999996
0.50674
0.5191399999999999
0.53063
0.54122
1.0
0.0298
0.00364
0.0025800000000000003
0.002
0.00162
0.00133
0.0010199999999999999
0.00081
0.00073
0.00063
0.0005200000000000001
0.0005
0.0005200000000000001
0.00053
0.0005
0.00064
0.00086
0.00105
0.00126
0.00145
0.00157
0.00161
0.00185
0.0018100000000000002
0.0019100000000000002
0.0018899999999999998
0.0019100000000000002
0.00195
0.00195
0.00193
0.0019199999999999998
0.00201
0.00207
0.00218
0.00229
0.0023899999999999998
0.00247
0.0025399999999999997
0.00268
0.00301
0.0032
0.0032600000000000003
0.0034
0.0037
0.00415
0.00436
0.00496
0.00528
0.00581
0.00646
0.00704
0.00758
0.008320000000000001
0.00966
0.01014
0.011
0.01197
0.01311
0.01484
0.016059999999999998
0.01782
0.01877
0.02113
0.02267
0.02628
0.02816
0.03083
0.03472
0.03814
0.04149
0.045219999999999996
0.05177999999999999
0.056929999999999994
0.06412999999999999
0.06642
0.07708
0.08397
0.0908
0.10107000000000001
0.11149
0.118
0.13409000000000001
0.1398
0.15646
0.16929
0.17840999999999999
0.19169
0.20847
0.232
0.23618000000000003
0.26541
0.2804
0.29841
0.30437
0.35117
0.35
0.36899
0.38763000000000003
0.40581
0.42346000000000006
0.44051
0.45692
0.47263999999999995
0.48763999999999996
0.5019100000000001
0.51542
0.52818
0.5401699999999999
0.5513899999999999
0.56186
1.0
0.027760000000000003
0.00307
0.00221
0.00176
0.00147
0.00116
0.00088
0.00079
0.00066
0.0006
0.0005200000000000001
0.00047999999999999996
0.00044
0.0005
0.00056
0.00062
0.00081
0.0010400000000000001
0.00116
0.00137
0.00147
0.00157
0.00158
0.00172
0.0017399999999999998
0.0017800000000000001
0.0017399999999999998
0.0017699999999999999
0.0017800000000000001
0.00182
0.00185
0.0018899999999999998
0.00203
0.00201
0.00231
0.00232
0.00232
0.0023899999999999998
0.0026
0.0028
0.00283
0.00323
0.00328
0.00364
0.00399
0.00427
0.00456
0.0051
0.00548
0.00619
0.00677
0.00731
0.00815
0.00867
0.00985
0.01082
0.01162
0.012790000000000001
0.014369999999999999
0.01575
0.016890000000000002
0.01885
0.01985
0.02259
0.024069999999999998
0.027839999999999997
0.02961
0.03329
0.036910000000000005
0.040010000000000004
0.04421
0.0487
0.05465
0.0608
0.06853
0.07156
0.08216
0.09027
0.09846
0.1081
0.11885
0.1282
0.14393
0.15713
0.16517
0.18231
0.19432
0.20704
0.226
0.24493
0.25408000000000003
0.27897
0.29796
0.33076
0.33639
0.3501
0.36827
0.38642
0.40439
0.42206000000000005
0.4393
0.45601
0.4721
0.48749
0.5021399999999999
0.51599
0.529
0.5411600000000001
0.5524399999999999
0.56285
1.0
0.02661
0.0029100000000000003
0.00182
0.00146
0.00125
0.00103
0.00078
0.00066
0.00058
0.0005
0.00045999999999999996
0.00047000000000000004
0.00044
0.00045
0.0005099999999999999
0.00061
0.00063
0.0008699999999999999
0.0010400000000000001
0.00112
0.0013
0.00137
0.0015199999999999999
0.00151
0.0016
0.0016
0.0016
0.0016699999999999998
0.00165
0.0017800000000000001
0.0017399999999999998
0.00183
0.0019
0.00197
0.0021100000000000003
0.00217
0.0022199999999999998
0.0024
0.0025399999999999997
0.00268
0.00283
0.00312
0.0032600000000000003
0.0035399999999999997
0.0038299999999999996
0.004229999999999999
0.0045899999999999995
0.00492
0.0054399999999999995
0.00589
0.006509999999999999
0.007259999999999999
0.00801
0.008759999999999999
0.00965
0.010579999999999999
0.01137
0.01275
0.01433
0.0153
0.016919999999999998
0.01842
0.020380000000000002
0.02226
0.02503
0.0269
0.03065
0.033460000000000004
0.0372
0.04094
0.04614
0.0497
0.05534
0.06261
0.0686
0.07799
0.08249
0.09512999999999999
0.10273
0.11235999999999999
0.12382
0.13591
0.14587999999999998
0.16338
0.17172
0.18833
0.20124
0.21793
0.2362
0.25486
0.27393
0.27726999999999996
0.30804000000000004
0.32065
0.34903
0.36063
0.37987
0.39859
0.41671
0.43417
0.45093
0.46696000000000004
0.48225
0.4968
0.51061
0.52368
0.536
0.54756
0.5583600000000001
0.5684
1.0
0.02343
0.0025
0.00157
0.00128
0.00109
0.00095
0.00074
0.00061
0.0005200000000000001
0.00045999999999999996
0.00042
0.0004
0.0004
0.0004
0.00043
0.00053
0.0007
0.0007599999999999999
0.0008900000000000001
0.00109
0.00118
0.00124
0.00133
0.0013800000000000002
0.00143
0.00151
0.0014199999999999998
0.0015199999999999999
0.00148
0.0017
0.00161
0.0016699999999999998
0.0017699999999999999
0.0018399999999999998
0.00199
0.00205
0.00212
0.00246
0.00244
0.00259
0.00271
0.00295
0.00318
0.0033200000000000005
0.00374
0.0040100000000000005
0.004229999999999999
0.00491
0.00517
0.0058200000000000005
0.00609
0.006840000000000001
0.007379999999999999
0.00821
0.00907
0.00982
0.01099
0.01185
0.013609999999999999
0.01462
0.0157
0.01746
0.01948
0.021269999999999997
0.02325
0.0263
0.02792
0.03202
0.03457
0.03843
0.04191
0.04675
0.05085
0.05656
0.06348
0.07012
0.07897
0.08195
0.09487999999999999
0.10385
0.11268
0.12327
0.13405
0.14254
0.15922999999999998
0.17065
0.18745
0.19807
0.21688000000000002
0.22646
0.24765
0.26675
0.27471
0.28418000000000004
0.31433
0.3318
0.35065
0.36908
0.387
0.40441
0.4213
0.43768999999999997
0.45361
0.46903999999999996
0.48391999999999996
0.49821000000000004
0.51183
0.5247
0.53681
0.5481199999999999
1.0
0.0207
0.0023
0.00149
0.0011300000000000001
0.00095
0.00082
0.00072
0.00064
0.00053
0.00045
0.00042
0.00041
0.00039
0.00042
0.00041
0.0005
0.0007
0.00082
0.0008300000000000001
0.00101
0.00112
0.00112
0.0012699999999999999
0.0013
0.00139
0.0013800000000000002
0.00143
0.0014
0.00146
0.00151
0.00155
0.00162
0.00164
0.00179
0.00179
0.0019399999999999999
0.00207
0.00228
0.00244
0.00256
0.00267
0.0029100000000000003
0.00303
0.00322
0.00375
0.00372
0.0042899999999999995
0.00456
0.0051600000000000005
0.005520000000000001
0.00585
0.00658
0.00735
0.00796
0.0088
0.00963
0.01043
0.01193
0.01316
0.01407
0.015340000000000001
0.01684
0.01892
0.02074
0.0231
0.02497
0.02806
0.02995
0.03476
0.03751
0.04222
0.046310000000000004
0.05235
0.05595
0.06163
0.0696
0.07654
0.08703
0.09039
0.10359000000000002
0.11239
0.12184
0.13372
0.14579
0.15483
0.17138
0.18453
0.19839
0.20556
0.22818000000000002
0.24423000000000003
0.25961999999999996
0.29101
0.29208
0.31859
0.33241
0.35091999999999995
0.36924
0.3873
0.405
0.42227
0.43905
0.45527
0.47089
0.48585
0.50013
0.51368
0.5265
0.53855
0.54983
1.0
0.01909
0.0021100000000000003
0.0014
0.00109
0.00093
0.0007599999999999999
0.00066
0.0006
0.00049
0.0004
0.00037999999999999997
0.00035
0.00036
0.00039
0.00045999999999999996
0.00047000000000000004
0.00064
0.00074
0.00082
0.00085
0.00098
0.0011300000000000001
0.00115
0.0012
0.00126
0.0013
0.0013
0.0013
0.0013599999999999999
0.00146
0.0014199999999999998
0.0016
0.00161
0.00172
0.00186
0.0019199999999999998
0.00206
0.0021
0.00228
0.00253
0.00259
0.00275
0.0028699999999999997
0.00322
0.0035299999999999997
0.00391
0.00409
0.0045899999999999995
0.00515
0.00562
0.00587
0.006520000000000001
0.00698
0.0078
0.008790000000000001
0.009470000000000001
0.01052
0.011290000000000001
0.013280000000000002
0.01401
0.015359999999999999
0.01739
0.01883
0.021
0.023719999999999998
0.02588
0.027889999999999998
0.031889999999999995
0.03413
0.03954
0.04249
0.04804
0.05221
0.05902999999999999
0.06433
0.0705
0.07933
0.08893999999999999
0.09912
0.10387
0.1197
0.12935
0.14125
0.15550999999999998
0.1667
0.17645
0.19925
0.21091999999999997
0.22865
0.24316
0.26224000000000003
0.28136
0.30025
0.31823
0.32543
0.35343
0.37096999999999997
0.38882
0.40671
0.42444
0.44183999999999996
0.45879
0.47516
0.4909
0.50592
0.52015
0.5334800000000001
0.54578
0.55697
0.56704
1.0
0.01652
0.00196
0.00126
0.00099
0.00086
0.00073
0.00063
0.00057
0.0005
0.00042
0.00041
0.00037
0.00037
0.00039
0.00039
0.00049
0.00063
0.00072
0.00085
0.0009699999999999999
0.0009199999999999999
0.00109
0.00116
0.00117
0.00126
0.0012699999999999999
0.00126
0.0012900000000000001
0.00131
0.0013599999999999999
0.00141
0.00144
0.00162
0.00165
0.00176
0.00196
0.00197
0.00209
0.00223
0.0025
0.0026
0.0026899999999999997
0.00297
0.00305
0.00337
0.00372
0.0041600000000000005
0.00418
0.00462
0.00519
0.00577
0.0061
0.00685
0.007379999999999999
0.00827
0.00905
0.00995
0.011
0.012329999999999999
0.01376
0.014730000000000002
0.01599
0.01819
0.020059999999999998
0.02225
0.024640000000000002
0.02663
0.0293
0.033639999999999996
0.03573
0.041
0.04451
0.04989
0.05445
0.06092
0.0655
0.07261000000000001
0.08154
0.09053
0.09999
0.10465
0.12039000000000001
0.12897999999999998
0.14169
0.15441
0.16748
0.17768
0.19507
0.21019000000000002
0.23031
0.23490999999999998
0.26002
0.27623000000000003
0.29521
0.32131
0.33615
0.35361
0.37162
0.38985
0.40803
0.42595
0.44343999999999995
0.46036000000000005
0.47662
0.4921
0.50671
0.5203399999999999
0.53288
0.5443100000000001
0.55471
1.0
0.0175
0.00182
0.00114
0.0008699999999999999
0.0007700000000000001
0.0006
0.00057
0.0005
0.00043
0.00041
0.00037999999999999997
0.00033999999999999997
0.00037999999999999997
0.00039
0.0004
0.00047000000000000004
0.00064
0.0007
0.00078
0.00085
0.00101
0.0009400000000000001
0.00109
0.00118
0.0011300000000000001
0.00123
0.00118
0.00122
0.0012699999999999999
0.00141
0.0013
0.00135
0.00151
0.0016
0.00168
0.00179
0.00195
0.0020399999999999997
0.00221
0.00236
0.00253
0.00264
0.00278
0.00302
0.0032600000000000003
0.00358
0.00375
0.0043100000000000005
0.00442
0.00496
0.005529999999999999
0.0059700000000000005
0.00648
0.00715
0.00774
0.00864
0.00944
0.010579999999999999
0.01214
0.013009999999999999
0.014509999999999999
0.01601
0.0175
0.01935
0.02137
0.02363
0.026060000000000003
0.02887
0.03162
0.03597
0.03858
0.04476
0.047939999999999997
0.0536
0.05847
0.06604
0.07245
0.07921
0.08809
0.09777999999999999
0.1102
0.1139
0.12872
0.1408
0.15047
0.1655
0.18092
0.19193
0.21203000000000002
0.23196999999999998
0.24209
0.25653000000000004
0.28748
0.28697
0.31208
0.33563000000000004
0.354
0.37255
0.39108000000000004
0.40939000000000003
0.42733000000000004
0.44473999999999997
0.46148999999999996
0.4775
0.49266000000000004
0.5069100000000001
0.5201899999999999
0.53246
0.5437
0.55392
1.0
0.015030000000000002
0.0018899999999999998
0.0011
0.00086
0.00072
0.00065
0.00057
0.00049
0.00044
0.00036
0.00033
0.00031
0.00032
0.00036
0.00037999999999999997
0.00042
0.0006
0.00072
0.0007700000000000001
0.00086
0.0009199999999999999
0.00098
0.0009599999999999999
0.0011
0.00115
0.00116
0.0012
0.00116
0.0012
0.00123
0.00131
0.0013
0.00139
0.00148
0.0016300000000000002
0.00172
0.00187
0.0020399999999999997
0.00206
0.0023
0.00245
0.00262
0.00281
0.0029100000000000003
0.00331
0.0034
0.00387
0.004070000000000001
0.0044399999999999995
0.00477
0.00534
0.00589
0.00657
0.00702
0.007690000000000001
0.00815
0.009340000000000001
0.0105
0.012440000000000001
0.01265
0.013940000000000001
0.016130000000000002
0.01696
0.01923
0.02112
0.02327
0.02567
0.02837
0.03108
0.03474
0.03915
0.04217
0.04883
0.0528
0.058710000000000005
0.06529
0.07222
0.0793
0.08766
0.09726
0.10647999999999999
0.11984000000000002
0.12485
0.14181
0.15536
0.16607
0.18111
0.20107
0.21015999999999999
0.22866999999999998
0.24779
0.26068
0.28346
0.30191
0.30648000000000003
0.33926999999999996
0.35848
0.37754
0.39632
0.41471
0.4326
0.4499
0.46652
0.48241000000000006
0.4975
0.51176
0.52518
0.53773
0.54942
0.56028
1.0
0.01431
0.0016699999999999998
0.00108
0.00082
0.00072
0.00064
0.00058
0.00049
0.00041
0.00036
0.00033
0.00029
0.00033
0.00037
0.00037999999999999997
0.00043
0.00066
0.00079
0.00082
0.0009
0.0009400000000000001
0.001
0.00107
0.0010199999999999999
0.00112
0.00115
0.00116
0.00115
0.00119
0.00119
0.0012699999999999999
0.00135
0.00141
0.0015400000000000001
0.00157
0.0017100000000000001
0.0018800000000000002
0.00199
0.0022199999999999998
0.00235
0.00245
0.00259
0.00278
0.00305
0.00323
0.0035299999999999997
0.0036200000000000004
0.00404
0.00436
0.00489
0.0051600000000000005
0.00579
0.006229999999999999
0.00692
0.00747
0.00835
0.009179999999999999
0.00995
0.01153
0.01241
0.013640000000000001
0.01522
0.01729
0.01863
0.02079
0.02255
0.02585
0.02855
0.03107
0.034230000000000003
0.03804
0.04339
0.04637
0.05354
0.0577
0.06541
0.07076
0.07916000000000001
0.0845
0.09361
0.10447000000000001
0.11441
0.12793
0.12994
0.15085
0.16225
0.17564000000000002
0.19095
0.21101
0.22057
0.24049
0.25769000000000003
0.26852
0.28811
0.30398000000000003
0.3297
0.34881
0.36784
0.38666999999999996
0.40518000000000004
0.42323999999999995
0.44077
0.45766
0.47385
0.48928
0.5039
0.51768
0.5306
0.54267
0.55389
1.0
0.013330000000000002
0.0016899999999999999
0.00101
0.00084
0.00072
0.00061
0.00056
0.00045
0.00039
0.00033999999999999997
0.0003
0.00031
0.00035
0.00035
0.00036
0.00044
0.0006799999999999999
0.00085
0.00085
0.0009199999999999999
0.0009599999999999999
0.00099
0.0010199999999999999
0.00103
0.00093
0.0011
0.0011
0.00115
0.00117
0.00119
0.00128
0.00119
0.0013800000000000002
0.00145
0.00158
0.0016899999999999999
0.00183
0.00201
0.00205
0.00233
0.0024
0.0027
0.0027199999999999998
0.00301
0.00328
0.00345
0.00366
0.0039
0.00441
0.00471
0.005379999999999999
0.00564
0.00617
0.00672
0.007520000000000001
0.00824
0.00911
0.00997
0.011059999999999999
0.01206
0.013269999999999999
0.015390000000000001
0.0168
0.01904
0.02033
0.02289
0.02547
0.02791
0.03179
0.03453
0.038380000000000004
0.04261
0.04817
0.05214
0.0601
0.06552000000000001
0.07149
0.0793
0.08807999999999999
0.09482
0.10438
0.11465999999999998
0.12655999999999998
0.13957
0.14318
0.16602999999999998
0.1833
0.19303
0.20549
0.22716999999999998
0.24409
0.2625
0.27785
0.3008
0.30938000000000004
0.3367
0.35645
0.37598000000000004
0.39516
0.41389
0.43206000000000006
0.44961
0.46643999999999997
0.48252
0.49778999999999995
0.51222
0.5258
0.53851
0.55037
0.56138
1.0
0.012629999999999999
0.00162
0.00098
0.00073
0.00065
0.00057
0.0005099999999999999
0.00044
0.00037999999999999997
0.00032
0.00031
0.00026000000000000003
0.0003
0.00031
0.00033999999999999997
0.00044
0.00075
0.0008699999999999999
0.00084
0.00088
0.0009199999999999999
0.00088
0.0009599999999999999
0.00099
0.0010199999999999999
0.0009599999999999999
0.0010199999999999999
0.00108
0.00108
0.00108
0.00114
0.00122
0.0012699999999999999
0.00141
0.00148
0.0016
0.00168
0.00187
0.00203
0.00214
0.00242
0.00243
0.0026899999999999997
0.0029
0.00313
0.00328
0.0035399999999999997
0.00374
0.00398
0.004379999999999999
0.0048200000000000005
0.00542
0.0058200000000000005
0.00643
0.00692
0.00762
0.0084
0.00943
0.01
0.011340000000000001
0.01238
0.013940000000000001
0.015430000000000001
0.01705
0.019540000000000002
0.02086
0.023190000000000002
0.026189999999999998
0.02903
0.03204
0.03505
0.03846
0.043289999999999995
0.04936
0.05364
0.060529999999999994
0.06627000000000001
0.07359
0.08064
0.09054
0.09822
0.11025
0.11765
0.13052
0.14437
0.1508
0.16934000000000002
0.18378
0.19589
0.2109
0.22773000000000002
0.24341999999999997
0.27219
0.27302
0.28981
0.31621
0.33563000000000004
0.35496
0.37406999999999996
0.39284
0.41116
0.42895
0.44611999999999996
0.4626
0.47834
0.49328999999999995
0.50745
0.52079
0.5333
0.545
1.0
0.011770000000000001
0.00155
0.00098
0.00079
0.00065
0.0006
0.0005099999999999999
0.00043
0.00036
0.00032
0.00027
0.00028
0.00028
0.00031
0.00033999999999999997
0.00039
0.0007
0.00081
0.0008
0.0008699999999999999
0.00091
0.0009400000000000001
0.00091
0.00095
0.0009599999999999999
0.00105
0.00098
0.00103
0.0011
0.00107
0.00115
0.00117
0.00123
0.0012699999999999999
0.0014
0.0015300000000000001
0.00164
0.0016899999999999999
0.00187
0.00213
0.0022600000000000003
0.00251
0.00264
0.00292
0.00297
0.0033
0.0035
0.00387
0.00409
0.00426
0.0048200000000000005
0.0050100000000000006
0.00569
0.0060799999999999995
0.00677
0.0072
0.00813
0.00896
0.0099
0.01082
0.011609999999999999
0.0132
0.01456
0.016659999999999998
0.01814
0.02108
0.021840000000000002
0.02474
0.027639999999999998
0.030160000000000003
0.03414
0.0379
0.04225
0.045989999999999996
0.052160000000000005
0.05607
0.06582
0.07084
0.0789
0.08723
0.09614
0.10343
0.11294000000000001
0.12678
0.13852
0.15356
0.15795
0.17895999999999998
0.1977
0.20686999999999997
0.22386999999999999
0.24309
0.26061
0.28173000000000004
0.28764
0.31445
0.3345
0.35443
0.37409000000000003
0.39337
0.41213999999999995
0.43032
0.44782
0.46458999999999995
0.48057
0.49573999999999996
0.51007
0.52356
0.5362100000000001
0.54803
1.0
0.01141
0.00159
0.00095
0.00078
0.00062
0.00053
0.00053
0.00042
0.00035
0.0003
0.00027
0.00028
0.00026000000000000003
0.00031
0.00031
0.00042
0.00067
0.00084
0.0007599999999999999
0.00081
0.00088
0.0009
0.00091
0.00091
0.00093
0.00091
0.00095
0.0008699999999999999
0.00101
0.00105
0.00103
0.00114
0.00116
0.00124
0.00131
0.00147
0.0015
0.00176
0.0018
0.00206
0.00224
0.0023899999999999998
0.00265
0.00274
0.00301
0.00328
0.00344
0.0037
0.00394
0.0042899999999999995
0.00474
0.00513
0.0055
0.00611
0.00634
0.00703
0.00788
0.00875
0.00944
0.0104
0.01122
0.012790000000000001
0.01399
0.015780000000000002
0.01791
0.01956
0.02276
0.023819999999999997
0.02667
0.02992
0.03365
0.037239999999999995
0.04098
0.04605
0.05118
0.05816
0.06323
0.07252
0.07958
0.08822
0.0975
0.10951
0.11754
0.13139
0.1428
0.15435
0.17451
0.17634
0.20344
0.22155
0.2354
0.25623
0.27585
0.28809
0.32205
0.33218000000000003
0.35211
0.37206999999999996
0.39186
0.41133000000000003
0.4303
0.44865
0.46624
0.48298
0.4988
0.51362
0.52741
0.54015
0.55184
0.5625
1.0
0.01063
0.00144
0.0009
0.0006900000000000001
0.00058
0.0005
0.00041
0.00037
0.0003
0.00026000000000000003
0.00022999999999999998
0.00023999999999999998
0.00025
0.00027
0.00028
0.0004
0.00066
0.0006900000000000001
0.0006900000000000001
0.00075
0.0007700000000000001
0.00082
0.00081
0.0008699999999999999
0.00086
0.00085
0.0008699999999999999
0.00093
0.0008300000000000001
0.0009400000000000001
0.0010400000000000001
0.001
0.00109
0.00119
0.00125
0.0013599999999999999
0.0015300000000000001
0.0016
0.0017399999999999998
0.0019199999999999998
0.0021100000000000003
0.00235
0.00256
0.00279
0.00293
0.00305
0.0033200000000000005
0.00366
0.00394
0.0041600000000000005
0.00458
0.00489
0.00525
0.00569
0.00635
0.006670000000000001
0.0075
0.00824
0.009340000000000001
0.00999
0.01116
0.01202
0.01384
0.015030000000000002
0.01695
0.01908
0.02095
0.02443
0.02605
0.02905
0.032560000000000006
0.03632
0.04019
0.04509
0.05022
0.055439999999999996
0.06296
0.06856
0.07937000000000001
0.08678
0.09626
0.1037
0.11849000000000001
0.12834
0.14146
0.15504
0.16825
0.18703
0.19271
0.22068000000000002
0.24147
0.25278
0.27442
0.29538000000000003
0.31567
0.33471999999999996
0.35475
0.37489
0.39493
0.41467
0.43392
0.45253000000000004
0.47036999999999995
0.48733999999999994
0.50334
0.51831
0.5322
0.54499
0.55666
0.56725
1.0
0.00972
0.00134
0.00085
0.00065
0.00053
0.00045999999999999996
0.00045
0.00031
0.00032
0.00023999999999999998
0.00025
0.00021
0.00025
0.00025
0.00029
0.00033999999999999997
0.00059
0.00065
0.00067
0.00075
0.00079
0.0007700000000000001
0.0008
0.00081
0.00084
0.00085
0.00079
0.00082
0.0008900000000000001
0.00085
0.0009599999999999999
0.0010199999999999999
0.00099
0.0011300000000000001
0.0012
0.0013
0.00128
0.00159
0.00164
0.0018399999999999998
0.00199
0.00216
0.00248
0.00264
0.0028699999999999997
0.00309
0.0032600000000000003
0.0035600000000000002
0.00386
0.00413
0.00441
0.00476
0.00525
0.00562
0.00586
0.00672
0.0073
0.00807
0.008879999999999999
0.00975
0.010320000000000001
0.01171
0.01278
0.01426
0.01599
0.01759
0.020059999999999998
0.02263
0.025939999999999998
0.02733
0.03108
0.03445
0.03895
0.04294
0.0487
0.053810000000000004
0.058320000000000004
0.06775
0.07239
0.08455
0.09281
0.10264000000000001
0.11341
0.12619
0.13754
0.14752
0.16459000000000001
0.17802
0.19432
0.20398
0.23001999999999997
0.24668
0.26603000000000004
0.28203
0.30916
0.32306999999999997
0.34325
0.36341
0.38341
0.40308
0.42228999999999994
0.44088999999999995
0.45878
0.47586000000000006
0.49206000000000005
0.5073300000000001
0.52162
0.53493
0.5472600000000001
0.55862
1.0
0.00916
0.00124
0.0007599999999999999
0.00059
0.0005
0.00042
0.00037
0.00035
0.00027
0.00027
0.00022
0.00022999999999999998
0.00022
0.00026000000000000003
0.00023999999999999998
0.00032
0.00053
0.0006
0.0006799999999999999
0.0007
0.00073
0.0007099999999999999
0.00078
0.0007700000000000001
0.0007599999999999999
0.0007700000000000001
0.0007700000000000001
0.0007599999999999999
0.00082
0.0008699999999999999
0.00081
0.00093
0.00098
0.00105
0.0011099999999999999
0.00121
0.00131
0.00137
0.00157
0.00172
0.0019399999999999999
0.0021
0.00225
0.00263
0.00271
0.00315
0.00323
0.0034799999999999996
0.0036799999999999997
0.00404
0.00424
0.00471
0.00507
0.00543
0.00589
0.00633
0.00718
0.007520000000000001
0.008490000000000001
0.00932
0.0103
0.0111
0.0123
0.01353
0.01551
0.01726
0.01881
0.02144
0.02404
0.027639999999999998
0.02976
0.03313
0.03739
0.04202
0.04648
0.051770000000000004
0.058339999999999996
0.06462000000000001
0.07405
0.07947
0.09219
0.10061
0.11073
0.1224
0.13437000000000002
0.14868
0.16597
0.1774
0.19254000000000002
0.21155
0.22209
0.25115
0.26819
0.27795
0.2912
0.32541
0.3449
0.36475
0.38469000000000003
0.40447
0.4239
0.44278
0.46096000000000004
0.47831999999999997
0.49476000000000003
0.5102
0.52459
0.53788
0.55006
0.56112
1.0
0.008740000000000001
0.00122
0.0007099999999999999
0.00055
0.00047999999999999996
0.00043
0.00039
0.00031
0.00026000000000000003
0.00021
0.00021
0.0002
0.0002
0.00022999999999999998
0.00023999999999999998
0.0003
0.0005
0.00056
0.00062
0.00064
0.0006799999999999999
0.0006900000000000001
0.0006900000000000001
0.00074
0.0007
0.00072
0.0007700000000000001
0.00075
0.00075
0.0008
0.00088
0.00078
0.0009400000000000001
0.00101
0.00105
0.00116
0.0012900000000000001
0.0014
0.00143
0.0016300000000000002
0.0017699999999999999
0.00196
0.00217
0.00236
0.00267
0.00294
0.0031899999999999997
0.00349
0.0036799999999999997
0.00403
0.00435
0.0046700000000000005
0.0049
0.0053
0.00551
0.0061200000000000004
0.006679999999999999
0.00734
0.00796
0.00868
0.00975
0.01087
0.012
0.013059999999999999
0.01459
0.016069999999999997
0.018119999999999997
0.020030000000000003
0.023190000000000002
0.02554
0.029660000000000002
0.03126
0.034960000000000005
0.03954
0.04427
0.049839999999999995
0.05594
0.0618
0.06702000000000001
0.07732
0.08267999999999999
0.09643
0.10440999999999999
0.11429
0.12702
0.14115999999999998
0.1511
0.16927999999999999
0.18345
0.19734000000000002
0.21436
0.22449000000000002
0.25258
0.26655999999999996
0.2831
0.30883
0.32864
0.34873000000000004
0.36889
0.38893
0.40864
0.42787
0.44646
0.46429
0.48123999999999995
0.49723
0.5122
0.5261100000000001
0.53893
0.55067
1.0
0.00828
0.00115
0.00066
0.00056
0.00045999999999999996
0.00037
0.00036
0.0003
0.00025
0.00022999999999999998
0.0002
0.00016999999999999999
0.00021
0.00021
0.00023999999999999998
0.0003
0.00054
0.00061
0.00064
0.0007
0.0006799999999999999
0.00066
0.00065
0.0006799999999999999
0.0006799999999999999
0.00073
0.00072
0.0007099999999999999
0.00072
0.0007700000000000001
0.00081
0.0009
0.0008300000000000001
0.00099
0.00106
0.0011
0.00121
0.0012699999999999999
0.00144
0.00155
0.00175
0.00182
0.00212
0.00235
0.0026100000000000003
0.00274
0.00302
0.0034200000000000003
0.00361
0.00387
0.004079999999999999
0.0045
0.00486
0.00515
0.00557
0.0059700000000000005
0.00655
0.0069700000000000005
0.008
0.00847
0.009470000000000001
0.01029
0.01149
0.01254
0.01381
0.01577
0.01766
0.01949
0.02166
0.024390000000000002
0.02773
0.03186
0.03457
0.0379
0.043
0.04815
0.054770000000000006
0.060039999999999996
0.06777999999999999
0.07376
0.08304
0.09015
0.10355999999999999
0.11275
0.1246
0.13559000000000002
0.14968
0.16362000000000002
0.17889000000000002
0.19647
0.21315
0.23593000000000003
0.23673000000000002
0.2676
0.28557
0.30580999999999997
0.32588
0.34618000000000004
0.36651999999999996
0.38672
0.40660999999999997
0.42601000000000006
0.4448
0.46284
0.48003
0.4963
0.51159
0.52586
0.5391100000000001
0.55133
1.0
0.00772
0.00108
0.00063
0.00049
0.00042
0.00036
0.00033
0.00028
0.00021
0.0002
0.00016999999999999999
0.00018
0.00018999999999999998
0.00021
0.00022
0.00029
0.0005099999999999999
0.0006
0.00062
0.00063
0.00065
0.00065
0.00065
0.00062
0.00066
0.00067
0.0007
0.0007
0.0006900000000000001
0.00073
0.00073
0.00078
0.0009
0.0009
0.00103
0.0011
0.0011
0.00128
0.0013800000000000002
0.00144
0.00162
0.00182
0.0019
0.00224
0.00246
0.0027300000000000002
0.0030600000000000002
0.0033799999999999998
0.00373
0.0038299999999999996
0.00413
0.00436
0.00483
0.00511
0.00542
0.00589
0.006220000000000001
0.00689
0.007379999999999999
0.00851
0.00883
0.01005
0.01095
0.01218
0.01317
0.01495
0.01624
0.01848
0.020669999999999997
0.02299
0.026439999999999998
0.029560000000000003
0.034260000000000006
0.03588
0.04086
0.04532
0.0514
0.057260000000000005
0.06441000000000001
0.07201
0.07729
0.08774
0.09611
0.10980999999999999
0.1197
0.13002
0.14107999999999998
0.15744
0.16787
0.18681
0.19849
0.21771999999999997
0.23911999999999997
0.24691999999999997
0.2725
0.29407
0.31309000000000003
0.33273
0.35273000000000004
0.37283
0.3928
0.41244
0.43157
0.45003000000000004
0.46768999999999994
0.48443
0.50017
0.51484
0.52837
0.54072
1.0
0.007390000000000001
0.0010400000000000001
0.00063
0.0005099999999999999
0.00042
0.00036
0.00032
0.00028
0.00022999999999999998
0.0002
0.00018
0.00016999999999999999
0.00016999999999999999
0.00018999999999999998
0.00022
0.00028
0.0005
0.00054
0.00057
0.0006
0.00064
0.00062
0.00062
0.00061
0.00061
0.00064
0.00066
0.0006900000000000001
0.00072
0.00072
0.00072
0.00079
0.00084
0.00091
0.00091
0.00106
0.00116
0.00119
0.00139
0.0014199999999999998
0.00161
0.00172
0.0019
0.0021100000000000003
0.00237
0.0025800000000000003
0.00296
0.0033
0.00358
0.00387
0.00409
0.00451
0.00471
0.0052
0.005520000000000001
0.00585
0.00642
0.00685
0.007370000000000001
0.00801
0.00926
0.00993
0.01099
0.01195
0.013640000000000001
0.01487
0.01642
0.01811
0.020659999999999998
0.02332
0.02607
0.02951
0.03316
0.038130000000000004
0.04085
0.04666
0.051320000000000005
0.058370000000000005
0.06541
0.07206
0.08265
0.08812
0.10141
0.10780999999999999
0.12254000000000001
0.135
0.1477
0.16078
0.17947000000000002
0.19293
0.21524000000000001
0.23326999999999998
0.2502
0.26744
0.27310999999999996
0.30949
0.32946
0.34998
0.37076
0.39149
0.41193
0.43185
0.45106
0.46941000000000005
0.48677
0.50305
0.51818
0.5321
0.54478
0.5562
1.0
0.00703
0.00105
0.00057
0.00049
0.00033
0.00033999999999999997
0.00029
0.00027
0.00022
0.00018
0.00018999999999999998
0.00016
0.00018
0.0002
0.00022
0.00029
0.00045999999999999996
0.00057
0.00061
0.00058
0.00058
0.00059
0.00059
0.00059
0.00063
0.00062
0.00062
0.00065
0.00066
0.0007
0.00075
0.00073
0.00079
0.00086
0.0009699999999999999
0.0009400000000000001
0.00106
0.00121
0.00131
0.0014199999999999998
0.0015400000000000001
0.00168
0.0018100000000000002
0.00205
0.0022199999999999998
0.00253
0.00279
0.0031
0.0034700000000000004
0.0036899999999999997
0.00415
0.0044
0.00476
0.0051
0.00542
0.00589
0.00632
0.0067
0.007259999999999999
0.0078
0.00845
0.00978
0.01035
0.011729999999999999
0.01294
0.014469999999999998
0.01591
0.017519999999999997
0.01933
0.02219
0.02489
0.02768
0.031180000000000003
0.03555
0.041
0.04401
0.049319999999999996
0.05501
0.062189999999999995
0.07022
0.07837000000000001
0.08769
0.09402
0.10647000000000001
0.11582
0.13343
0.14463
0.15652
0.16802999999999998
0.18817
0.20162
0.22246999999999997
0.23886
0.25428
0.28467
0.30015
0.31955
0.33975
0.36036999999999997
0.38109
0.40162
0.4217
0.44113
0.45974
0.47736000000000006
0.49386
0.50913
0.5230600000000001
0.53557
0.5466300000000001
1.0
0.00655
0.0009699999999999999
0.00055
0.00041
0.00035
0.00032
0.00029
0.00022999999999999998
0.00018999999999999998
0.00018999999999999998
0.00016999999999999999
0.00016999999999999999
0.00016
0.00018
0.00021
0.00028
0.00047999999999999996
0.00053
0.00058
0.00062
0.0006
0.0006
0.00057
0.00063
0.00057
0.0006
0.00062
0.00062
0.00065
0.0006799999999999999
0.00073
0.0007599999999999999
0.0007700000000000001
0.0008300000000000001
0.0009
0.00098
0.00098
0.0011300000000000001
0.00128
0.00133
0.00155
0.0016
0.0018
0.00185
0.0022199999999999998
0.00242
0.0027300000000000002
0.00302
0.00337
0.00371
0.00405
0.004370000000000001
0.00464
0.00504
0.00521
0.00581
0.0062
0.006659999999999999
0.00703
0.007679999999999999
0.008320000000000001
0.009040000000000001
0.01012
0.01122
0.01234
0.0136
0.01535
0.01675
0.01863
0.02065
0.023209999999999998
0.026560000000000004
0.029160000000000002
0.03319
0.03729
0.0435
0.04674
0.05256
0.058910000000000004
0.06558
0.07407000000000001
0.08283
0.09268
0.09733
0.11263
0.12004000000000001
0.13689
0.14632
0.16201
0.17563
0.18992
0.20160999999999998
0.22528
0.24679
0.25588
0.28060999999999997
0.29922
0.31864000000000003
0.33858
0.35875999999999997
0.37893000000000004
0.39886
0.41833000000000004
0.43718
0.45521999999999996
0.47231999999999996
0.48833999999999994
0.50317
0.5167
0.52888
1.0
0.006229999999999999
0.00091
0.0005
0.00039
0.00032
0.00031
0.00026000000000000003
0.00026000000000000003
0.0002
0.00018999999999999998
0.00016
0.00016
0.00015
0.00016999999999999999
0.00022999999999999998
0.00027
0.00053
0.00053
0.00059
0.00063
0.00059
0.00064
0.00063
0.00063
0.00062
0.00064
0.00065
0.00066
0.00065
0.00067
0.0007700000000000001
0.00074
0.0007700000000000001
0.00081
0.00091
0.00099
0.0011
0.00103
0.0012900000000000001
0.00143
0.0015300000000000001
0.0016899999999999999
0.00183
0.0019199999999999998
0.00216
0.0024100000000000002
0.00262
0.003
0.00328
0.00365
0.00405
0.00448
0.0049
0.005
0.00545
0.00594
0.00636
0.00677
0.007259999999999999
0.007659999999999999
0.00824
0.009059999999999999
0.00993
0.01121
0.01187
0.01323
0.015
0.01659
0.01826
0.02023
0.02278
0.025769999999999998
0.028810000000000002
0.03236
0.03727
0.04178
0.04792
0.05115
0.05791
0.06551
0.07371
0.08238999999999999
0.09229
0.10263
0.11042
0.12477
0.13345
0.15216
0.16364
0.18062
0.19577
0.21673
0.23156999999999997
0.24545
0.26532
0.28976
0.31028
0.33109
0.35204
0.37293000000000004
0.39359
0.41384
0.43353
0.45253000000000004
0.4707
0.48796000000000006
0.50425
0.5195
0.5337
0.54685
1.0
0.00596
0.00085
0.00053
0.00037999999999999997
0.00032
0.00027
0.00025
0.00021
0.00016999999999999999
0.00018
0.00015
0.00015
0.00016999999999999999
0.00016999999999999999
0.00018999999999999998
0.00026000000000000003
0.00043
0.00055
0.00053
0.00061
0.00062
0.00059
0.00062
0.00061
0.00055
0.0006
0.00064
0.0006
0.00063
0.00067
0.00064
0.0007599999999999999
0.00075
0.00082
0.00084
0.00095
0.00103
0.00117
0.00117
0.00134
0.00156
0.00164
0.00182
0.00195
0.00215
0.00233
0.00257
0.0028399999999999996
0.00314
0.00345
0.00392
0.0043
0.00464
0.00511
0.005379999999999999
0.00587
0.00614
0.00659
0.0071400000000000005
0.007670000000000001
0.00825
0.00885
0.009559999999999999
0.01031
0.01205
0.01291
0.01427
0.01596
0.01791
0.01941
0.0217
0.0242
0.027489999999999997
0.030889999999999997
0.035019999999999996
0.0393
0.04477
0.05167000000000001
0.05515
0.06251
0.07031
0.07923999999999999
0.08784
0.09883
0.11014000000000002
0.11713
0.13164
0.14238
0.16068
0.17259000000000002
0.18821
0.20642
0.22200999999999999
0.23890999999999998
0.26309
0.28224
0.30091
0.32061
0.34099
0.36171
0.38245999999999997
0.40296
0.42298
0.44232
0.4608
0.47826
0.49458
0.50962
0.5232899999999999
0.53551
1.0
0.0054600000000000004
0.00084
0.00047999999999999996
0.00037
0.00027
0.00027
0.00022999999999999998
0.00022
0.00016999999999999999
0.00016
0.00015
0.00015
0.00015
0.00018
0.0002
0.00026000000000000003
0.00047000000000000004
0.0005
0.00056
0.00062
0.0006
0.00057
0.00058
0.00055
0.00059
0.00056
0.0006
0.00061
0.00063
0.00064
0.00065
0.00063
0.00073
0.00079
0.00086
0.0009
0.00099
0.00107
0.00119
0.00118
0.00147
0.00157
0.00168
0.0019
0.00206
0.00218
0.00246
0.00282
0.00296
0.0034100000000000003
0.00365
0.00425
0.00462
0.00487
0.00541
0.00558
0.00628
0.00644
0.00698
0.00765
0.008140000000000001
0.00883
0.00936
0.010440000000000001
0.01116
0.012790000000000001
0.013819999999999999
0.015330000000000002
0.01721
0.019530000000000002
0.02121
0.02365
0.02623
0.030239999999999996
0.03412
0.03823
0.04353
0.04942
0.05654
0.06065
0.06926
0.07694
0.08645
0.09485
0.10640999999999999
0.11787
0.12755
0.1427
0.15407
0.17573
0.18949000000000002
0.19883
0.22149000000000002
0.24045999999999998
0.2539
0.28198
0.30118
0.32129
0.34201
0.36303
0.38405
0.40481999999999996
0.42508999999999997
0.44468
0.46341000000000004
0.48115
0.49777
0.5131899999999999
0.5273399999999999
0.5401699999999999
1.0
0.0052
0.00085
0.00047000000000000004
0.00033999999999999997
0.00027
0.00022999999999999998
0.00022
0.00018999999999999998
0.00016
0.00014
0.00014
0.00014
0.00015
0.00016999999999999999
0.00018999999999999998
0.00023999999999999998
0.00042
0.0005099999999999999
0.00055
0.00062
0.00063
0.00058
0.00056
0.00055
0.00055
0.00057
0.0006
0.00059
0.0006
0.00063
0.00063
0.00061
0.0006799999999999999
0.00078
0.00081
0.0008900000000000001
0.0009599999999999999
0.00105
0.0011099999999999999
0.0013
0.00132
0.00151
0.0017
0.00179
0.00205
0.00221
0.00238
0.00263
0.00293
0.00323
0.00359
0.00402
0.00442
0.0048
0.00528
0.0056700000000000006
0.0059299999999999995
0.00655
0.00674
0.00742
0.00798
0.00853
0.00927
0.00998
0.010879999999999999
0.01192
0.01372
0.01463
0.01643
0.01823
0.020569999999999998
0.02263
0.025490000000000002
0.02822
0.032189999999999996
0.036180000000000004
0.040510000000000004
0.04602
0.05197
0.060579999999999995
0.06563
0.07379
0.08256000000000001
0.09201000000000001
0.10213
0.11342999999999999
0.12687
0.13459000000000002
0.15205
0.16266
0.18438
0.19501
0.21293
0.23115
0.24738000000000002
0.27337
0.29233000000000003
0.31222
0.33276
0.35366
0.37464000000000003
0.39545
0.41586999999999996
0.43568
0.45471999999999996
0.47284
0.48991
0.50584
0.52055
0.53399
1.0
0.0049299999999999995
0.00081
0.00044
0.00035
0.00026000000000000003
0.00025
0.00022
0.00021
0.00016
0.00014
0.00011
0.00014
0.00016
0.00016
0.00018
0.00022999999999999998
0.00037999999999999997
0.00045999999999999996
0.00055
0.00058
0.00058
0.00057
0.00054
0.00056
0.0005200000000000001
0.00057
0.00056
0.00063
0.00057
0.00062
0.00063
0.00062
0.00066
0.00074
0.00078
0.00082
0.0009
0.0009699999999999999
0.00106
0.00123
0.00139
0.00135
0.00156
0.0018100000000000002
0.00182
0.00215
0.0022600000000000003
0.00251
0.0026899999999999997
0.00307
0.00324
0.0037700000000000003
0.00414
0.00463
0.00514
0.0055899999999999995
0.006
0.00636
0.00695
0.00719
0.00804
0.0085
0.00921
0.01
0.010790000000000001
0.01163
0.0125
0.01426
0.015609999999999999
0.0176
0.01962
0.02192
0.02404
0.02712
0.03009
0.03457
0.03882
0.0437
0.04985
0.05587
0.0646
0.07028
0.07882
0.08826
0.09766
0.10977999999999999
0.1203
0.13338
0.14326
0.16135
0.17135999999999998
0.19719
0.20165
0.22261
0.23870999999999998
0.26313000000000003
0.28279
0.30305
0.32374
0.34465999999999997
0.36563
0.38644
0.4069
0.42685
0.44611999999999996
0.46458
0.48213999999999996
0.4987
0.5142100000000001
0.52864
1.0
0.00472
0.00079
0.00043
0.00033999999999999997
0.00026000000000000003
0.00022999999999999998
0.00022
0.0002
0.00016
0.00014
0.00013000000000000002
0.00014
0.00014
0.00016999999999999999
0.00016999999999999999
0.00025
0.0004
0.0005
0.00056
0.00059
0.0006
0.00059
0.0005200000000000001
0.00058
0.00055
0.00057
0.00058
0.00058
0.00056
0.0006
0.00058
0.00062
0.00066
0.0006900000000000001
0.00075
0.0008300000000000001
0.0008900000000000001
0.00101
0.00106
0.00115
0.00125
0.00146
0.00148
0.00175
0.00196
0.00202
0.00229
0.00246
0.00268
0.00288
0.00337
0.0035399999999999997
0.00406
0.00445
0.00499
0.00543
0.00584
0.00656
0.0068200000000000005
0.00744
0.007940000000000001
0.00869
0.00941
0.01015
0.01069
0.0115
0.012709999999999999
0.01396
0.01616
0.017580000000000002
0.01949
0.02207
0.02472
0.027160000000000004
0.03084
0.03449
0.0389
0.04464
0.05024
0.05711
0.06371
0.07464
0.08073999999999999
0.09038
0.10107000000000001
0.11162000000000001
0.12390999999999999
0.13874
0.15447
0.16427999999999998
0.18378
0.19397999999999999
0.21898
0.22584
0.25335
0.27447
0.29536999999999997
0.31664000000000003
0.33812
0.35962
0.38097
0.402
0.42253
0.44241
0.46152
0.47973999999999994
0.49698000000000003
0.51318
0.5283
0.54232
1.0
0.00447
0.00073
0.00045999999999999996
0.00033
0.00026000000000000003
0.00021
0.00022
0.00018
0.00018999999999999998
0.00015
0.00013000000000000002
0.00014
0.00014
0.00015
0.00018
0.00021
0.00039
0.00049
0.00055
0.00058
0.00065
0.00056
0.00056
0.0005099999999999999
0.0005099999999999999
0.00055
0.00055
0.00056
0.00058
0.00058
0.0006
0.00061
0.00065
0.00067
0.0007099999999999999
0.00078
0.00085
0.0009400000000000001
0.00101
0.00115
0.00125
0.00135
0.00157
0.0016
0.0018100000000000002
0.0021
0.0021100000000000003
0.0023899999999999998
0.0025800000000000003
0.00283
0.00316
0.0035399999999999997
0.0037799999999999995
0.00427
0.00466
0.00532
0.0057399999999999994
0.00626
0.006959999999999999
0.00725
0.00788
0.0084
0.00907
0.01
0.01077
0.011590000000000001
0.01252
0.013859999999999999
0.014969999999999999
0.01743
0.018680000000000002
0.02097
0.02386
0.02632
0.02939
0.03275
0.036430000000000004
0.042
0.04761
0.053270000000000005
0.06065
0.0681
0.08
0.08492999999999999
0.09431
0.10543
0.11827
0.13029000000000002
0.14420999999999998
0.15921
0.16819
0.19104000000000002
0.19922
0.22323
0.2403
0.26198
0.28241
0.30330999999999997
0.32452
0.34586999999999996
0.36718
0.38827
0.40898
0.42915
0.44861999999999996
0.46729
0.48505
0.5018199999999999
0.51755
0.5322100000000001
1.0
0.0045899999999999995
0.00078
0.00042
0.00033999999999999997
0.00027
0.00023999999999999998
0.00021
0.00018999999999999998
0.00015
0.00013000000000000002
0.00013000000000000002
0.00011999999999999999
0.00013000000000000002
0.00016999999999999999
0.00016999999999999999
0.00022
0.00037
0.00047000000000000004
0.00053
0.0006
0.00056
0.00058
0.0005200000000000001
0.00058
0.00053
0.00054
0.0005099999999999999
0.0005099999999999999
0.00054
0.0006
0.00061
0.0006
0.00064
0.0006900000000000001
0.0007099999999999999
0.0008
0.00085
0.0009400000000000001
0.00099
0.0011
0.00121
0.0013599999999999999
0.00147
0.0017100000000000001
0.0016300000000000002
0.0019399999999999999
0.00221
0.00232
0.00266
0.00288
0.0031
0.00328
0.00385
0.00402
0.00447
0.00506
0.00575
0.00615
0.00665
0.007370000000000001
0.00801
0.00873
0.00924
0.01004
0.01087
0.01166
0.01278
0.013569999999999999
0.01505
0.01655
0.01896
0.02072
0.02355
0.026439999999999998
0.02997
0.032889999999999996
0.03688
0.04125
0.04704
0.05368
0.060739999999999995
0.06817999999999999
0.0758
0.08809
0.09487000000000001
0.10793
0.118
0.13159
0.14495999999999998
0.16251
0.17623
0.19004000000000001
0.20988
0.22469
0.24906999999999999
0.26893
0.29008
0.31165
0.33347
0.35536999999999996
0.37715
0.39862
0.41962
0.43998000000000004
0.45956
0.47823000000000004
0.4959
0.5125
0.52799
0.5423399999999999
1.0
0.00447
0.00072
0.0004
0.0003
0.00023999999999999998
0.00022
0.00022
0.00018999999999999998
0.00014
0.00015
0.00011
0.00013000000000000002
0.00011999999999999999
0.00014
0.00015
0.00021
0.00036
0.00043
0.0005099999999999999
0.00055
0.00055
0.00053
0.00054
0.0005099999999999999
0.0005200000000000001
0.0005
0.0005099999999999999
0.00053
0.00056
0.00056
0.00059
0.00058
0.00063
0.00065
0.00072
0.00075
0.00085
0.00088
0.00099
0.00106
0.00119
0.00126
0.00144
0.00168
0.0019
0.00183
0.00214
0.00245
0.0025399999999999997
0.0029
0.0030600000000000002
0.0033200000000000005
0.00365
0.00411
0.00449
0.0050100000000000006
0.00536
0.00595
0.00677
0.0073
0.00801
0.00855
0.0093
0.00997
0.010740000000000001
0.011640000000000001
0.01266
0.01366
0.015130000000000001
0.01641
0.01789
0.02058
0.0227
0.02567
0.02862
0.03244
0.03585
0.0404
0.04452
0.05206
0.05856
0.06585
0.0739
0.08247
0.09483
0.10228999999999999
0.11377000000000001
0.12719
0.13984000000000002
0.15522
0.17053
0.18961
0.19772
0.21766
0.2329
0.25988
0.2806
0.30178
0.32327
0.34491
0.36654000000000003
0.38797
0.40905
0.42961000000000005
0.44948999999999995
0.46857
0.48673
0.50388
0.5199600000000001
0.53491
1.0
0.00451
0.00073
0.0004
0.00033
0.00027
0.00022999999999999998
0.00021
0.00018
0.00014
0.00014
0.00013000000000000002
0.00011999999999999999
0.00013000000000000002
0.00016
0.00018999999999999998
0.00021
0.00037
0.00042
0.00053
0.00056
0.00054
0.00053
0.0005200000000000001
0.0005099999999999999
0.0005099999999999999
0.00053
0.00054
0.0005200000000000001
0.00054
0.00059
0.00058
0.0006
0.00061
0.00066
0.00067
0.0007700000000000001
0.0008
0.00091
0.001
0.0010400000000000001
0.00121
0.00132
0.00145
0.0016
0.00176
0.0020399999999999997
0.00196
0.00238
0.0026899999999999997
0.00281
0.0031100000000000004
0.00336
0.0036299999999999995
0.00391
0.0044399999999999995
0.0048
0.00551
0.00585
0.0066099999999999996
0.00735
0.00798
0.00878
0.0093
0.01025
0.01099
0.011940000000000001
0.01295
0.01402
0.0153
0.01655
0.0181
0.01993
0.022940000000000002
0.024880000000000003
0.02828
0.03188
0.03592
0.0401
0.04464
0.04993
0.057929999999999995
0.06476
0.07212
0.08179
0.0911
0.10455
0.11327999999999999
0.12455999999999999
0.13692000000000001
0.15345999999999999
0.16754000000000002
0.18423
0.20297
0.20873000000000003
0.23853000000000002
0.25533
0.27656
0.29809
0.31977
0.34145
0.363
0.38429
0.4052
0.4256
0.44537
0.46441000000000004
0.4826
0.49986
0.5161
0.53128
1.0
0.00432
0.00073
0.00041
0.00032
0.00025
0.00022999999999999998
0.0002
0.00018999999999999998
0.00015
0.00013000000000000002
0.00013000000000000002
0.00011999999999999999
0.00015
0.00016
0.00016999999999999999
0.00018999999999999998
0.00031
0.00037999999999999997
0.00049
0.00053
0.0005200000000000001
0.0005099999999999999
0.00049
0.0005099999999999999
0.0005
0.00045999999999999996
0.0005
0.00047999999999999996
0.00053
0.00054
0.00056
0.00057
0.00058
0.00066
0.0007099999999999999
0.00074
0.00084
0.00088
0.0009599999999999999
0.00105
0.00119
0.00123
0.00144
0.00157
0.0017699999999999999
0.00199
0.0023
0.00221
0.0026
0.00286
0.00307
0.0033799999999999998
0.0036200000000000004
0.0039
0.00424
0.00487
0.00514
0.00595
0.00636
0.00719
0.00785
0.00851
0.00967
0.01008
0.01127
0.011859999999999999
0.01295
0.01408
0.01548
0.01662
0.01811
0.01992
0.021769999999999998
0.02544
0.027639999999999998
0.03117
0.035519999999999996
0.04004
0.044180000000000004
0.0499
0.0562
0.0638
0.07195
0.08093
0.08857999999999999
0.09899
0.11388
0.12109
0.13674
0.14799
0.16555
0.18151
0.19698
0.21799000000000002
0.22912
0.25318
0.27454
0.29624
0.31813
0.34006
0.36188000000000003
0.38343
0.40459
0.42521000000000003
0.44518
0.46438
0.48271000000000003
0.50008
0.51641
0.53166
1.0
0.00436
0.0006799999999999999
0.0004
0.00031
0.00022
0.00022
0.00018999999999999998
0.00018
0.00013000000000000002
0.00013000000000000002
0.00011999999999999999
0.00011
0.00013000000000000002
0.00015
0.00018999999999999998
0.00018999999999999998
0.00031
0.0004
0.00044
0.0005099999999999999
0.0005200000000000001
0.0005
0.0005099999999999999
0.0005200000000000001
0.00047999999999999996
0.00053
0.0005
0.0005099999999999999
0.0005200000000000001
0.00053
0.00056
0.00063
0.00063
0.00064
0.00067
0.00075
0.00082
0.00084
0.0009199999999999999
0.0010199999999999999
0.00112
0.00124
0.00139
0.0015199999999999999
0.0017
0.0018800000000000002
0.00209
0.00237
0.00234
0.0027600000000000003
0.0031
0.0031899999999999997
0.0036799999999999997
0.00386
0.00417
0.00434
0.00512
0.00543
0.0061200000000000004
0.006690000000000001
0.007559999999999999
0.00831
0.009170000000000001
0.010159999999999999
0.010579999999999999
0.0118
0.01258
0.013580000000000002
0.01493
0.01627
0.01759
0.01914
0.02114
0.0235
0.02705
0.029330000000000002
0.03335
0.03755
0.04294
0.0475
0.0539
0.05987000000000001
0.06797
0.07641
0.08574
0.09544
0.10605
0.12182
0.1294
0.14228
0.1579
0.17575
0.18930999999999998
0.2103
0.22716999999999998
0.24561999999999998
0.26686
0.28854
0.3105
0.33258000000000004
0.35462
0.37645
0.39793
0.4189
0.43923
0.4588
0.4775
0.49523
0.51193
0.52754
1.0
0.00421
0.0006900000000000001
0.00039
0.00033
0.00025
0.00022999999999999998
0.00021
0.0002
0.00016
0.00016
0.00014
0.00015
0.00016
0.00016
0.00018
0.00026000000000000003
0.00033999999999999997
0.00039
0.00043
0.0005099999999999999
0.00053
0.00054
0.0005200000000000001
0.0005200000000000001
0.0005
0.0005200000000000001
0.0005200000000000001
0.0005
0.00057
0.00058
0.00059
0.0006
0.00066
0.00065
0.00074
0.0007700000000000001
0.00079
0.0008699999999999999
0.00098
0.001
0.00117
0.00122
0.00137
0.0015400000000000001
0.0017100000000000001
0.00193
0.00209
0.0024
0.0027
0.00259
0.00303
0.0035399999999999997
0.00359
0.00404
0.004220000000000001
0.00475
0.005
0.00564
0.00592
0.0069
0.007379999999999999
0.0085
0.0092
0.009909999999999999
0.01105
0.0117
0.01316
0.01377
0.015119999999999998
0.0165
0.01846
0.01998
0.021580000000000002
0.024059999999999998
0.02675
0.03098
0.03338
0.038110000000000005
0.04261
0.04857
0.053739999999999996
0.06081
0.06878
0.07697999999999999
0.08574
0.0954
0.10682
0.11871
0.13529000000000002
0.14352
0.159
0.17744000000000001
0.19596
0.21263
0.22626
0.24966999999999998
0.27033
0.2916
0.31333
0.33531
0.35736999999999997
0.37929
0.40089
0.42196999999999996
0.44238
0.46195
0.48057
0.49816000000000005
0.51463
0.52996
1.0
0.0038299999999999996
0.00065
0.00037
0.00025
0.00022
0.00018999999999999998
0.00016
0.00016
0.00011999999999999999
0.00011
0.0001
0.00011
0.00013000000000000002
0.00015
0.00016
0.00021
0.00032
0.00035
0.00042
0.00047999999999999996
0.00047000000000000004
0.00047000000000000004
0.00049
0.00044
0.00047999999999999996
0.00049
0.00047999999999999996
0.00045999999999999996
0.0005
0.00054
0.00054
0.0006
0.00065
0.00067
0.00066
0.00075
0.0008
0.0008699999999999999
0.00091
0.00105
0.00108
0.00118
0.00137
0.00149
0.00165
0.0018899999999999998
0.00202
0.00221
0.00251
0.0028899999999999998
0.0028899999999999998
0.0032600000000000003
0.00367
0.0038299999999999996
0.0042
0.00449
0.00487
0.00507
0.00586
0.00621
0.00717
0.00795
0.00889
0.00965
0.01047
0.0116
0.01245
0.01354
0.01441
0.01599
0.01741
0.01891
0.0207
0.02277
0.02547
0.027860000000000003
0.0321
0.03505
0.03997
0.04473
0.05062
0.0557
0.0625
0.07009
0.07893
0.08818
0.09863999999999999
0.10910999999999998
0.12054000000000001
0.1373
0.14505
0.16312000000000001
0.17673
0.19488
0.20856999999999998
0.23131999999999997
0.25069
0.27087
0.29170999999999997
0.31305
0.3347
0.35647
0.37814000000000003
0.39952
0.42041999999999996
0.44067
0.46012
0.47863999999999995
0.49613999999999997
0.51256
1.0
0.0036799999999999997
0.00059
0.00037999999999999997
0.00023999999999999998
0.00022999999999999998
0.00018
0.00015
0.00014
0.00011999999999999999
0.00011
0.0001
0.0001
0.00013000000000000002
0.00013000000000000002
0.00014
0.00018999999999999998
0.0003
0.00035
0.00045999999999999996
0.00045999999999999996
0.00047999999999999996
0.00045
0.00045999999999999996
0.00045
0.00045
0.00047000000000000004
0.00047999999999999996
0.00047000000000000004
0.00054
0.00053
0.00056
0.00059
0.00064
0.00064
0.0006900000000000001
0.00075
0.0007599999999999999
0.00088
0.0009199999999999999
0.0009599999999999999
0.00106
0.00119
0.00134
0.00144
0.00159
0.0017800000000000001
0.0020399999999999997
0.0021899999999999997
0.00242
0.00274
0.00314
0.0031
0.00361
0.00391
0.00406
0.004529999999999999
0.00483
0.0052
0.00542
0.00643
0.00675
0.00761
0.00842
0.00924
0.01039
0.011040000000000001
0.01247
0.01311
0.01455
0.01564
0.01699
0.018619999999999998
0.0207
0.02232
0.02428
0.027219999999999998
0.030019999999999998
0.03543
0.03795
0.04405
0.04879
0.05555
0.06089
0.06907999999999999
0.07654
0.08678999999999999
0.0957
0.10785
0.11897999999999999
0.13121
0.14968
0.15714
0.17494
0.19202
0.2094
0.22815
0.24786999999999998
0.26834
0.28941999999999996
0.31096
0.33278
0.35469
0.37649
0.39799
0.41902
0.4394
0.45898999999999995
0.47767
0.49533
0.5119100000000001
1.0
0.00367
0.00063
0.00033999999999999997
0.00027
0.0002
0.00016999999999999999
0.00016
0.00018
0.00014
0.00011999999999999999
0.0001
0.00011
0.00011999999999999999
0.00015
0.00016999999999999999
0.0002
0.00032
0.00037999999999999997
0.00045
0.00049
0.0005200000000000001
0.0005
0.00047999999999999996
0.0005099999999999999
0.00049
0.0005
0.0005200000000000001
0.00053
0.00053
0.00057
0.00056
0.00065
0.00066
0.0006900000000000001
0.00073
0.00079
0.00085
0.0009
0.0009699999999999999
0.00103
0.00116
0.00128
0.00134
0.00146
0.0016600000000000002
0.00182
0.00202
0.0023
0.00248
0.00275
0.00313
0.00349
0.0034100000000000003
0.00396
0.004370000000000001
0.0044
0.005
0.00528
0.00569
0.00603
0.0069299999999999995
0.007409999999999999
0.00825
0.00899
0.01006
0.01116
0.01197
0.013319999999999999
0.014230000000000001
0.015969999999999998
0.01709
0.01867
0.02037
0.022430000000000002
0.02435
0.02663
0.029769999999999998
0.033280000000000004
0.03785
0.041819999999999996
0.0473
0.053610000000000005
0.06047
0.06687
0.07508
0.08284
0.09274
0.10399000000000001
0.11556
0.1273
0.13956
0.15909
0.16906
0.18386
0.20567
0.22186
0.24092
0.26081
0.28141
0.30257
0.32411
0.34584000000000004
0.36757
0.38909
0.41023000000000004
0.43078999999999995
0.45064
0.46962
0.48763
0.5046
1.0
0.00339
0.00058
0.00031
0.00022999999999999998
0.00018999999999999998
0.00016
0.00013000000000000002
0.00014
0.00013000000000000002
0.0001
0.00011999999999999999
0.00011999999999999999
0.00011
0.00011999999999999999
0.00016
0.00022
0.00031
0.00033999999999999997
0.00042
0.00045999999999999996
0.00044
0.00049
0.00049
0.0005200000000000001
0.0005099999999999999
0.0005200000000000001
0.0005099999999999999
0.00055
0.00053
0.00057
0.0006
0.00062
0.0006900000000000001
0.0006799999999999999
0.00075
0.00081
0.00081
0.00086
0.0009699999999999999
0.00107
0.00115
0.00124
0.0013599999999999999
0.0015
0.0016899999999999999
0.00183
0.00209
0.00225
0.00247
0.00275
0.00305
0.0033399999999999997
0.0037600000000000003
0.00367
0.00433
0.00481
0.00485
0.005370000000000001
0.00575
0.0063100000000000005
0.00665
0.007409999999999999
0.00798
0.00903
0.00975
0.01096
0.012029999999999999
0.01324
0.014459999999999999
0.015619999999999998
0.01738
0.01863
0.02065
0.02259
0.0249
0.0272
0.02982
0.03373
0.03765
0.04294
0.04723
0.05421
0.06001
0.06847
0.07584
0.08524
0.09426
0.10599000000000001
0.11705
0.12908
0.14619000000000001
0.15885
0.17701
0.18966
0.20736999999999997
0.22910999999999998
0.24843
0.26871999999999996
0.28983000000000003
0.31155
0.33368000000000003
0.35598
0.37823
0.4002
0.42166000000000003
0.44243999999999994
0.46236000000000005
0.48128000000000004
0.49911000000000005
0.51578
1.0
0.0032700000000000003
0.0005099999999999999
0.0003
0.00022
0.00018999999999999998
0.00015
0.00014
0.00013000000000000002
0.0001
0.0001
9e-05
0.0001
0.0001
0.00013000000000000002
0.00015
0.00018
0.00028
0.00031
0.00039
0.00043
0.00045999999999999996
0.00043
0.00049
0.0005
0.00053
0.00047000000000000004
0.00049
0.00047999999999999996
0.0005099999999999999
0.00054
0.00057
0.00064
0.00063
0.0007
0.00074
0.0007700000000000001
0.0007599999999999999
0.0009199999999999999
0.00098
0.00103
0.0011099999999999999
0.00122
0.00137
0.0014
0.0016600000000000002
0.0018
0.0019199999999999998
0.00212
0.00238
0.00267
0.00292
0.00317
0.00358
0.004079999999999999
0.0038799999999999998
0.00458
0.00496
0.00498
0.0057399999999999994
0.006
0.006529999999999999
0.006840000000000001
0.00783
0.00848
0.00957
0.01031
0.011470000000000001
0.01254
0.01351
0.01529
0.016380000000000002
0.01805
0.01935
0.021830000000000002
0.02386
0.025869999999999997
0.028839999999999998
0.03147
0.035339999999999996
0.03884
0.045810000000000003
0.049980000000000004
0.056870000000000004
0.06281
0.07114
0.07799
0.08822
0.09761
0.10880999999999999
0.12052
0.13238
0.14911
0.16192
0.1829
0.19138
0.21203000000000002
0.23041999999999999
0.24982
0.2701
0.2911
0.31264000000000003
0.33452
0.35653
0.37844
0.40004
0.42115
0.44156999999999996
0.46116
0.47978999999999994
0.49736
1.0
0.00307
0.00047999999999999996
0.00028
0.00021
0.00016999999999999999
0.00013000000000000002
0.00014
0.00011999999999999999
0.0001
0.0001
9e-05
8e-05
9e-05
0.00011
0.00014
0.00018999999999999998
0.00026000000000000003
0.00033
0.00037999999999999997
0.00042
0.00042
0.00047999999999999996
0.00045999999999999996
0.00045999999999999996
0.00044
0.00047000000000000004
0.00047999999999999996
0.0005
0.0005099999999999999
0.0005200000000000001
0.00059
0.00059
0.00064
0.00065
0.0006900000000000001
0.0007700000000000001
0.0008300000000000001
0.0008699999999999999
0.0009699999999999999
0.0010199999999999999
0.0011300000000000001
0.0012
0.00131
0.0014199999999999998
0.00159
0.00176
0.00195
0.00212
0.00227
0.00255
0.00295
0.0030600000000000002
0.0034
0.0038299999999999996
0.00435
0.0041
0.00477
0.0053
0.00534
0.00601
0.0063
0.006809999999999999
0.00734
0.00822
0.00882
0.00983
0.01078
0.01208
0.013359999999999999
0.01456
0.01642
0.01743
0.01937
0.02083
0.02337
0.02575
0.02816
0.031010000000000003
0.033760000000000005
0.03826
0.04186
0.04886
0.05318
0.06097
0.06827000000000001
0.07658
0.08438
0.09561
0.10457000000000001
0.11698
0.12919
0.14448
0.15625999999999998
0.17339000000000002
0.19426
0.20872
0.22679000000000002
0.24600999999999998
0.26625
0.28733000000000003
0.30906
0.3312
0.35353
0.37582
0.39783
0.41935
0.44018999999999997
0.46018000000000003
0.47917
0.49706999999999996
1.0
0.00302
0.00045
0.00028
0.00018
0.00015
0.00015
0.00013000000000000002
0.00014
0.0001
9e-05
9e-05
8e-05
9e-05
0.00011
0.00013000000000000002
0.00018
0.00027
0.00033
0.00033999999999999997
0.00041
0.00043
0.00043
0.00047000000000000004
0.00044
0.00044
0.00044
0.00045999999999999996
0.00047999999999999996
0.00047000000000000004
0.00053
0.00053
0.00059
0.00062
0.0007
0.0006900000000000001
0.00074
0.00085
0.00082
0.00093
0.0010199999999999999
0.00112
0.00119
0.00131
0.00141
0.00155
0.0016899999999999999
0.0019100000000000002
0.0020399999999999997
0.0022
0.0025
0.00286
0.00305
0.0033299999999999996
0.0037
0.00402
0.00462
0.00433
0.005
0.00569
0.005679999999999999
0.006229999999999999
0.006690000000000001
0.00725
0.00775
0.00878
0.00933
0.010620000000000001
0.01132
0.01286
0.01405
0.01554
0.01725
0.01864
0.02071
0.022719999999999997
0.02511
0.02744
0.030619999999999998
0.03363
0.03696
0.04174
0.04604
0.05321
0.057479999999999996
0.06567
0.07393999999999999
0.08265
0.09236
0.10192999999999999
0.11259000000000001
0.12630999999999998
0.1397
0.15434
0.16722
0.18162
0.20276
0.22048
0.23938
0.25933
0.28015
0.30168
0.32368
0.34595
0.36824
0.39032
0.41198999999999997
0.43303
0.45327
0.47257
0.49081
1.0
0.00296
0.0004
0.00025
0.00018
0.00016999999999999999
0.00014
0.00014
0.0001
0.0001
9e-05
8e-05
0.0001
9e-05
0.00011999999999999999
0.00014
0.00018
0.00025
0.00031
0.00037999999999999997
0.00039
0.00037999999999999997
0.00042
0.00044
0.00043
0.00047999999999999996
0.00049
0.00047000000000000004
0.0005099999999999999
0.00056
0.0005200000000000001
0.00057
0.00059
0.00064
0.0006900000000000001
0.00072
0.00074
0.00085
0.00084
0.00095
0.001
0.00116
0.00122
0.00133
0.00144
0.0016
0.0018
0.0019
0.00202
0.00225
0.00247
0.0028
0.00305
0.00339
0.00364
0.00395
0.004370000000000001
0.00495
0.00462
0.005529999999999999
0.00584
0.00614
0.006790000000000001
0.00713
0.007909999999999999
0.00821
0.00944
0.0099
0.011340000000000001
0.01239
0.0139
0.01529
0.01677
0.0189
0.02034
0.02257
0.0244
0.02723
0.030489999999999996
0.033389999999999996
0.0372
0.04073
0.04583
0.051379999999999995
0.058910000000000004
0.06409
0.07363
0.08192
0.09139
0.10207000000000001
0.11354000000000002
0.1257
0.13929
0.15258
0.16837
0.18704
0.20257999999999998
0.22116999999999998
0.24076999999999998
0.26127
0.28253
0.30437
0.32659
0.34899
0.37135999999999997
0.39347
0.41512
0.43612
0.4563
0.47553999999999996
0.49371000000000004
1.0
0.00281
0.00043
0.00023999999999999998
0.00018999999999999998
0.00016
0.00011
0.00011
0.00011999999999999999
9e-05
8e-05
8e-05
8e-05
9e-05
0.00011
0.00013000000000000002
0.00016999999999999999
0.00025
0.00027
0.00033
0.0004
0.00039
0.00044
0.00043
0.00045
0.00049
0.00044
0.00045999999999999996
0.00047000000000000004
0.00053
0.00053
0.00056
0.00059
0.00061
0.00063
0.00073
0.0007599999999999999
0.00081
0.00091
0.0009199999999999999
0.00101
0.0011
0.00118
0.0013599999999999999
0.0013599999999999999
0.0015
0.00175
0.0019
0.00202
0.00227
0.00238
0.00266
0.00295
0.00325
0.0036200000000000004
0.00387
0.00421
0.0046
0.00519
0.0049700000000000005
0.00579
0.00639
0.00639
0.00725
0.0077
0.00829
0.00883
0.01012
0.01067
0.01215
0.01326
0.0148
0.01623
0.01803
0.02019
0.02154
0.02445
0.026619999999999998
0.0297
0.03293
0.03667
0.041010000000000005
0.044610000000000004
0.0494
0.055510000000000004
0.0638
0.07001
0.0794
0.08881
0.09988
0.10833
0.12276
0.13529000000000002
0.14917
0.1644
0.17986
0.19865
0.21673
0.23598000000000002
0.25626
0.27743
0.2993
0.32165
0.34426999999999996
0.36691
0.38935
0.41135
0.43272
0.45327
0.47285
0.49133999999999994
1.0
0.0027600000000000003
0.00042
0.00025
0.0002
0.00015
0.00011
0.00013000000000000002
0.00011999999999999999
0.00011
8e-05
9e-05
7e-05
8e-05
0.00011
0.00014
0.00018999999999999998
0.00021
0.00023999999999999998
0.00032
0.00039
0.00042
0.00042
0.00049
0.0005099999999999999
0.0005
0.00049
0.0005099999999999999
0.00047000000000000004
0.0005200000000000001
0.00056
0.00055
0.00059
0.00059
0.00066
0.0007099999999999999
0.00078
0.0008
0.00085
0.0009599999999999999
0.00101
0.00107
0.0012
0.0012900000000000001
0.00134
0.00159
0.0016899999999999999
0.00187
0.00205
0.00225
0.0023899999999999998
0.00263
0.00298
0.00323
0.00343
0.00392
0.00415
0.004529999999999999
0.0050799999999999994
0.00558
0.00539
0.00618
0.0069
0.0069900000000000006
0.00785
0.00831
0.00902
0.00945
0.010920000000000001
0.0116
0.013319999999999999
0.01462
0.016319999999999998
0.01823
0.01977
0.02259
0.02423
0.0275
0.029810000000000003
0.03358
0.036930000000000004
0.041760000000000005
0.04627
0.05103
0.05687999999999999
0.06386
0.07332000000000001
0.07887999999999999
0.09082
0.10094
0.11429
0.12483
0.13985999999999998
0.15182
0.17109000000000002
0.18642999999999998
0.20415
0.2233
0.24345
0.26449
0.28626999999999997
0.30859000000000003
0.33128
0.3541
0.37683
0.39925
0.42115
0.44233
0.46263000000000004
0.48191999999999996
0.50008
1.0
0.0026899999999999997
0.00041
0.00023999999999999998
0.00018
0.00015
0.00013000000000000002
0.00011
0.00011
0.0001
8e-05
8e-05
8e-05
9e-05
0.0001
0.00013000000000000002
0.00016999999999999999
0.00021
0.00026000000000000003
0.00033
0.0004
0.00043
0.00041
0.00044
0.00045
0.00049
0.00045
0.00047999999999999996
0.0005099999999999999
0.00049
0.00056
0.00055
0.00053
0.00058
0.00062
0.00067
0.00072
0.00074
0.0008300000000000001
0.0008699999999999999
0.001
0.00108
0.0011300000000000001
0.00123
0.0013800000000000002
0.0015400000000000001
0.00164
0.00187
0.00199
0.00218
0.00237
0.00255
0.00293
0.00302
0.00335
0.00364
0.00403
0.00433
0.0046700000000000005
0.00526
0.0058
0.00558
0.006520000000000001
0.0071400000000000005
0.00745
0.0082
0.00873
0.0095
0.0101
0.01165
0.01243
0.013880000000000002
0.015280000000000002
0.01725
0.01916
0.021230000000000002
0.02416
0.026119999999999997
0.029439999999999997
0.03248
0.03605
0.04066
0.04531
0.0497
0.054720000000000005
0.06092
0.06847
0.0794
0.08562
0.0975
0.10837000000000001
0.12311
0.1344
0.14968
0.16325
0.18309
0.19874
0.21739
0.23713
0.25787
0.27945
0.30169
0.32437
0.34729
0.3702
0.39287
0.41507
0.4366
0.45728
0.47695
0.4955
1.0
0.0026
0.00039
0.00021
0.00016999999999999999
0.00014
0.00011
0.00011
0.0001
8e-05
7e-05
8e-05
8e-05
8e-05
9e-05
0.00011999999999999999
0.00014
0.00021
0.00023999999999999998
0.00032
0.00037999999999999997
0.00039
0.00042
0.00045999999999999996
0.00045999999999999996
0.00044
0.00045
0.00044
0.00047999999999999996
0.00049
0.0005099999999999999
0.00053
0.00055
0.00058
0.00059
0.00065
0.0007099999999999999
0.00075
0.00082
0.0009199999999999999
0.0009400000000000001
0.00107
0.00114
0.00124
0.00137
0.00146
0.00159
0.0018
0.00198
0.00216
0.00227
0.00253
0.0027300000000000002
0.00293
0.0033
0.0035600000000000002
0.0039700000000000004
0.00435
0.00462
0.00502
0.0054399999999999995
0.00625
0.00589
0.0069700000000000005
0.00775
0.00795
0.00886
0.00928
0.01034
0.01087
0.01255
0.01355
0.015269999999999999
0.01659
0.018619999999999998
0.02075
0.02295
0.02605
0.028339999999999997
0.03202
0.03531
0.04075
0.04477
0.04943
0.05504
0.06062000000000001
0.06852000000000001
0.07514
0.08743
0.09452999999999999
0.10845999999999999
0.12043
0.1346
0.14658
0.16267
0.1789
0.19652999999999998
0.21545
0.23544
0.25638
0.27812
0.30051
0.32333
0.34636999999999996
0.3694
0.3922
0.41453
0.4362
0.45701
0.47681999999999997
0.49551000000000006
1.0
0.0025800000000000003
0.00037999999999999997
0.00022
0.00015
0.00013000000000000002
0.00011999999999999999
9e-05
9e-05
9e-05
9e-05
7e-05
7e-05
8e-05
0.0001
0.00011
0.00016999999999999999
0.0002
0.00027
0.00031
0.00037999999999999997
0.00037999999999999997
0.00044
0.00043
0.00047999999999999996
0.00045
0.00049
0.00044
0.0005
0.00049
0.0005
0.00055
0.00054
0.0006
0.00058
0.00065
0.00066
0.00075
0.0008300000000000001
0.0008699999999999999
0.00098
0.00099
0.00118
0.0012
0.00132
0.00141
0.0015
0.0017699999999999999
0.00187
0.00209
0.00233
0.00252
0.00267
0.00293
0.00317
0.0035
0.00385
0.0041
0.0046
0.00487
0.005370000000000001
0.00596
0.00658
0.00642
0.00744
0.00823
0.00839
0.00949
0.01013
0.010740000000000001
0.012
0.013640000000000001
0.01456
0.016659999999999998
0.01814
0.02044
0.02266
0.02512
0.02895
0.03141
0.03578
0.03918
0.04523
0.050339999999999996
0.05511
0.06154
0.06765
0.07595
0.08452
0.09724
0.10597000000000001
0.1209
0.13312000000000002
0.14920999999999998
0.16441
0.18072
0.1986
0.21793
0.23829
0.25959
0.28167
0.30435999999999996
0.32745
0.35072
0.37393000000000004
0.39686
0.41928000000000004
0.44098000000000004
0.46178
0.48153
0.50012
1.0
0.0023899999999999998
0.00037999999999999997
0.00018999999999999998
0.00016
0.00013000000000000002
0.00011999999999999999
0.0001
8e-05
8e-05
8e-05
8e-05
5.9999999999999995e-05
8e-05
0.0001
0.0001
0.00011999999999999999
0.00021
0.00025
0.0003
0.00033999999999999997
0.00042
0.00043
0.00049
0.00045
0.00045
0.00044
0.00047999999999999996
0.00045999999999999996
0.0005099999999999999
0.00053
0.0005099999999999999
0.00054
0.00059
0.00055
0.00066
0.0006900000000000001
0.0007
0.00082
0.00088
0.0009599999999999999
0.0010199999999999999
0.0011300000000000001
0.00124
0.00132
0.00145
0.00157
0.00172
0.0018800000000000002
0.002
0.00225
0.00246
0.00266
0.00295
0.00317
0.0034100000000000003
0.00365
0.00403
0.00435
0.00487
0.00525
0.00561
0.00632
0.00692
0.00673
0.00782
0.00855
0.00889
0.01004
0.0106
0.011640000000000001
0.012490000000000001
0.014159999999999999
0.015569999999999999
0.017419999999999998
0.018969999999999997
0.021830000000000002
0.024419999999999997
0.02682
0.03083
0.03375
0.03848
0.0424
0.048310000000000006
0.053520000000000005
0.05993
0.06642
0.07309
0.08177999999999999
0.09131
0.10557000000000001
0.11337
0.12925999999999999
0.14311
0.16243
0.17702
0.19271
0.2119
0.23214
0.25335
0.27537
0.29805
0.32118
0.34455
0.36791999999999997
0.39105999999999996
0.41375
0.43576000000000004
0.45692
0.47705
0.49603
1.0
0.00234
0.00039
0.0002
0.00016
0.00013000000000000002
0.0001
0.0001
8e-05
8e-05
7e-05
7e-05
8e-05
0.0001
0.0001
0.00011999999999999999
0.00015
0.0002
0.00022
0.00029
0.00032
0.00039
0.00041
0.00043
0.00047000000000000004
0.00045
0.00044
0.00045999999999999996
0.00047999999999999996
0.0005
0.0005
0.00054
0.00054
0.00057
0.0006
0.00065
0.00066
0.0007099999999999999
0.00078
0.00084
0.0009199999999999999
0.00105
0.0010400000000000001
0.0011300000000000001
0.00134
0.0013800000000000002
0.00155
0.00165
0.0018100000000000002
0.002
0.00221
0.00244
0.00265
0.00283
0.00313
0.00336
0.00379
0.00398
0.0044399999999999995
0.00477
0.00524
0.0056
0.006229999999999999
0.00688
0.007540000000000001
0.007259999999999999
0.008620000000000001
0.00936
0.00957
0.01087
0.01166
0.012759999999999999
0.01385
0.0157
0.01707
0.019280000000000002
0.021269999999999997
0.02418
0.02732
0.029930000000000002
0.03453
0.038189999999999995
0.04335
0.04741
0.05495
0.0612
0.06892000000000001
0.07577
0.08342000000000001
0.09493
0.10375
0.12099000000000001
0.13008
0.14882
0.16452999999999998
0.18263
0.19912
0.21928000000000003
0.24048000000000003
0.26258000000000004
0.28542
0.30882
0.33257
0.35641999999999996
0.38015
0.4035
0.42626000000000003
0.44821000000000005
0.46916
0.48898
0.50755
1.0
0.00237
0.00042
0.00028
0.00022999999999999998
0.00018
0.00016
0.00016
0.00014
0.00011
0.00011999999999999999
0.00011
0.00011
0.0001
0.00013000000000000002
0.00015
0.00018
0.00025
0.00029
0.00037
0.00036
0.0004
0.00045
0.00049
0.0005200000000000001
0.00053
0.0005099999999999999
0.0005099999999999999
0.0005
0.0005200000000000001
0.00056
0.00057
0.00058
0.00061
0.00061
0.0007
0.00072
0.00075
0.00085
0.00086
0.0009599999999999999
0.00105
0.0011300000000000001
0.00126
0.00132
0.00151
0.00157
0.00173
0.00186
0.00205
0.0022600000000000003
0.0025
0.00267
0.00299
0.00322
0.00344
0.0036299999999999995
0.00399
0.00445
0.0048
0.00533
0.00586
0.006220000000000001
0.006809999999999999
0.00747
0.00829
0.007940000000000001
0.00942
0.01047
0.010879999999999999
0.01215
0.01294
0.01426
0.01546
0.01772
0.01902
0.02171
0.02402
0.02707
0.03053
0.03418
0.03927
0.04299
0.048780000000000004
0.05434
0.06261
0.06966
0.07722000000000001
0.08492000000000001
0.09445
0.1072
0.11892
0.13677
0.14701
0.1658
0.18248
0.2012
0.2213
0.24245999999999998
0.26455
0.28741
0.31083
0.33459
0.35846
0.38218
0.40551
0.42821000000000004
0.45008000000000004
0.47093999999999997
0.49063
0.5090600000000001
1.0
0.00221
0.00033999999999999997
0.00018999999999999998
0.00018
0.00013000000000000002
0.00013000000000000002
8e-05
9e-05
9e-05
7e-05
5.9999999999999995e-05
7e-05
8e-05
9e-05
0.00014
0.00013000000000000002
0.00018999999999999998
0.00021
0.00028
0.00033999999999999997
0.00035
0.00037999999999999997
0.00043
0.00043
0.00045
0.00045999999999999996
0.00047000000000000004
0.00047000000000000004
0.00047000000000000004
0.00045
0.00047999999999999996
0.0005200000000000001
0.00054
0.00053
0.00056
0.00061
0.00067
0.0007
0.00079
0.00084
0.0008900000000000001
0.0010199999999999999
0.00109
0.00125
0.00131
0.00144
0.00155
0.0017100000000000001
0.00183
0.00213
0.00233
0.00248
0.00267
0.00296
0.00324
0.0034200000000000003
0.00365
0.00405
0.004529999999999999
0.0049299999999999995
0.00542
0.00595
0.00628
0.0069099999999999995
0.00774
0.0087
0.008440000000000001
0.00985
0.01098
0.01144
0.012790000000000001
0.01365
0.015119999999999998
0.01627
0.01883
0.02045
0.0233
0.025960000000000004
0.02936
0.03315
0.03721
0.042910000000000004
0.04709
0.05356
0.060379999999999996
0.0689
0.07672000000000001
0.08601
0.09512000000000001
0.10532000000000001
0.11975
0.13251
0.15209
0.16197
0.18308
0.20219
0.22261999999999998
0.24416999999999997
0.2667
0.29003
0.31394
0.33819
0.36251
0.38663000000000003
0.4103
0.43326000000000003
0.45531000000000005
0.47625
0.49595
0.51431
1.0
0.00213
0.00032
0.0002
0.00011
0.00011
0.0001
9e-05
8e-05
8e-05
7e-05
5.9999999999999995e-05
5.9999999999999995e-05
5.9999999999999995e-05
0.0001
0.00011
0.00013000000000000002
0.00016999999999999999
0.0002
0.00027
0.0003
0.00035
0.00041
0.00042
0.00042
0.00043
0.00041
0.00043
0.00041
0.00042
0.00047000000000000004
0.00047999999999999996
0.0005
0.00054
0.00054
0.00054
0.00063
0.00066
0.0006900000000000001
0.00074
0.0008300000000000001
0.0009
0.0009199999999999999
0.00108
0.00116
0.0012900000000000001
0.0013599999999999999
0.00157
0.0017399999999999998
0.0018399999999999998
0.00203
0.00227
0.00242
0.00262
0.00292
0.00323
0.00343
0.0036899999999999997
0.0039700000000000004
0.00435
0.00468
0.00526
0.00577
0.00636
0.00685
0.00742
0.00827
0.00933
0.00899
0.01045
0.011609999999999999
0.01212
0.01375
0.01464
0.016380000000000002
0.01763
0.02048
0.02199
0.02562
0.028239999999999998
0.03215
0.036430000000000004
0.04119
0.04765
0.052039999999999996
0.059039999999999995
0.06605
0.07608
0.08495
0.09451
0.10496
0.11667000000000001
0.13095
0.14456
0.16414
0.17543
0.19931
0.21933000000000002
0.24058000000000002
0.26292
0.28617
0.3101
0.33444
0.35891999999999996
0.38325
0.40715999999999997
0.43038999999999994
0.4527
0.4739
0.49385
0.51245
1.0
0.00207
0.00033999999999999997
0.00018999999999999998
0.00011999999999999999
0.00013000000000000002
0.00011
9e-05
8e-05
5.9999999999999995e-05
9e-05
7e-05
7e-05
9e-05
8e-05
0.00011999999999999999
0.00013000000000000002
0.00015
0.0002
0.00022999999999999998
0.00029
0.00033999999999999997
0.00037999999999999997
0.00041
0.00043
0.00041
0.00043
0.00042
0.00044
0.00044
0.00045999999999999996
0.0005099999999999999
0.0005099999999999999
0.0005
0.00054
0.00058
0.00058
0.00063
0.00063
0.00074
0.00079
0.00088
0.0009599999999999999
0.0010199999999999999
0.0011099999999999999
0.00126
0.00137
0.00148
0.00164
0.00176
0.0019199999999999998
0.0021100000000000003
0.00237
0.0025800000000000003
0.00278
0.0030600000000000002
0.00337
0.00364
0.0039700000000000004
0.00418
0.00463
0.00504
0.00558
0.00609
0.00678
0.007359999999999999
0.00813
0.00884
0.00992
0.00969
0.0112
0.01247
0.01312
0.01486
0.01586
0.01746
0.01907
0.022180000000000002
0.02417
0.027960000000000002
0.03082
0.0351
0.03984
0.04456
0.051329999999999994
0.05697000000000001
0.06493
0.07226
0.08301
0.09274
0.10254
0.11479
0.1271
0.14295
0.15566
0.17725
0.19342
0.21333000000000002
0.23443000000000003
0.25656999999999996
0.27960999999999997
0.30333000000000004
0.32749
0.35184
0.37611
0.40003
0.42335
0.44583
0.46728000000000003
0.48754
0.5065
1.0
0.00199
0.00035
0.0002
0.00011999999999999999
0.00011
9e-05
0.0001
9e-05
8e-05
7e-05
7e-05
8e-05
7e-05
9e-05
0.00011
0.00013000000000000002
0.00018999999999999998
0.00018
0.00023999999999999998
0.00029
0.0003
0.00035
0.00037
0.00036
0.00041
0.0004
0.0004
0.0004
0.00041
0.00044
0.00047000000000000004
0.00044
0.00047999999999999996
0.0005099999999999999
0.00056
0.00059
0.0006
0.00063
0.00065
0.0007700000000000001
0.0008699999999999999
0.00093
0.00098
0.00105
0.0012
0.00125
0.00145
0.0016
0.0017100000000000001
0.00195
0.00205
0.00224
0.00252
0.00279
0.003
0.00318
0.00359
0.0038200000000000005
0.00418
0.00425
0.00492
0.00534
0.00601
0.006490000000000001
0.00727
0.00765
0.00842
0.00953
0.01048
0.010329999999999999
0.01223
0.01349
0.014169999999999999
0.01616
0.01696
0.018930000000000002
0.02061
0.02429
0.02625
0.030639999999999997
0.03397
0.03877
0.04386
0.04922
0.056929999999999994
0.06301
0.07169
0.08035
0.09264
0.10201
0.11487
0.12724000000000002
0.13924
0.15715
0.17252
0.19266
0.21303000000000002
0.23458
0.25716999999999995
0.28063
0.30473
0.32925
0.35391999999999996
0.37847
0.40262
0.42612
0.44873
0.47026999999999997
0.49057
0.50952
1.0
0.00201
0.00033
0.00018
0.00011999999999999999
9e-05
9e-05
0.0001
5.9999999999999995e-05
7e-05
5.9999999999999995e-05
7e-05
8e-05
7e-05
8e-05
0.0001
0.00013000000000000002
0.00016999999999999999
0.00018999999999999998
0.00022
0.00027
0.00028
0.00037999999999999997
0.00036
0.00036
0.00037999999999999997
0.00042
0.00037999999999999997
0.00039
0.00041
0.00041
0.00045
0.00043
0.00045999999999999996
0.0005
0.00053
0.00056
0.0006
0.00067
0.0006799999999999999
0.00072
0.0007599999999999999
0.0009
0.00098
0.00105
0.00112
0.00124
0.00144
0.0015300000000000001
0.0017
0.0019399999999999999
0.00213
0.0022
0.00242
0.0027600000000000003
0.0028699999999999997
0.00309
0.00344
0.00379
0.004070000000000001
0.00455
0.00487
0.00526
0.0057
0.006370000000000001
0.0069299999999999995
0.00773
0.00826
0.00903
0.01017
0.01128
0.01102
0.0131
0.01434
0.01496
0.01737
0.018690000000000002
0.020819999999999998
0.02291
0.026660000000000003
0.029039999999999996
0.03388
0.03753
0.042460000000000005
0.04892
0.0544
0.06308
0.06954
0.07892
0.08843999999999999
0.10178
0.11470999999999999
0.12622
0.1402
0.15492999999999998
0.17165999999999998
0.19016
0.21036
0.23176
0.25424
0.27763000000000004
0.30171
0.32624000000000003
0.35096
0.37559000000000003
0.39986
0.4235
0.44628
0.46798999999999996
0.48846999999999996
0.50761
1.0
0.00183
0.00033
0.00016999999999999999
0.00011999999999999999
0.00011
7e-05
8e-05
7e-05
5e-05
7e-05
5.9999999999999995e-05
5.9999999999999995e-05
7e-05
0.0001
0.00011999999999999999
0.00013000000000000002
0.00016
0.00018
0.00025
0.00026000000000000003
0.00032
0.00032
0.00035
0.00036
0.00036
0.00037
0.00036
0.00037
0.00039
0.00039
0.00041
0.00045999999999999996
0.00047999999999999996
0.00045
0.00055
0.00054
0.00057
0.00059
0.00065
0.0007
0.00081
0.00084
0.00093
0.00101
0.0011
0.00125
0.00135
0.00146
0.0016899999999999999
0.0018100000000000002
0.0020800000000000003
0.00214
0.00237
0.00259
0.0028399999999999996
0.00313
0.00335
0.00361
0.0039700000000000004
0.0042899999999999995
0.00473
0.00507
0.00563
0.00614
0.0068200000000000005
0.007490000000000001
0.00843
0.009009999999999999
0.00981
0.01102
0.01237
0.01222
0.01415
0.01585
0.01661
0.01898
0.020569999999999998
0.02307
0.02522
0.029810000000000003
0.03272
0.03808
0.04165
0.04777
0.05439
0.061070000000000006
0.07044
0.07829
0.08957999999999999
0.10012
0.11547
0.12805
0.14052
0.15619
0.17015
0.19057000000000002
0.21126
0.23312
0.256
0.27973000000000003
0.30409
0.32884
0.35373000000000004
0.37849
0.40283
0.42651999999999995
0.4493
0.47098999999999996
0.49143000000000003
0.5105
1.0
